epoch,stats_o/mean,stats_o/std,test/Q,test/Q_plus_P,test/episodes,test/info_is_success_max,test/info_is_success_mean,test/info_is_success_min,test/info_shaping_reward_max,test/info_shaping_reward_mean,test/info_shaping_reward_min,test/reward_per_eps,test/steps,train/Q,train/Q_plus_P,train/episodes,train/info_is_success_max,train/info_is_success_mean,train/info_is_success_min,train/info_shaping_reward_max,train/info_shaping_reward_mean,train/info_shaping_reward_min,train/reward_per_eps,train/steps
0,0.44340876,0.036848944,-1.2513013,-1.2513013,10,1.0,0.055,0.0,-0.0017387750084247558,-0.08636124984869532,-0.2668253477110275,-37.8,400,nan,nan,40,0.0,0.0,0.0,-0.06522531057689698,-0.14748439074401914,-0.33750534181807273,-40.0,1600
1,0.44425276,0.035758838,-1.5419264,-1.5419264,20,0.0,0.0,0.0,-0.06914898966003569,-0.08623863022489131,-0.2315364201309632,-40.0,800,nan,nan,80,0.1,0.0125,0.0,-0.05180525267165483,-0.10694803820692263,-0.25598243133632154,-39.5,3200
2,0.44466138,0.03511738,-1.7135253,-1.7135253,30,1.0,0.1675,0.0,-0.0014986228035691236,-0.0809127960742513,-0.2639759298437468,-33.3,1200,nan,nan,120,0.2,0.018125000000000002,0.0,-0.04839256377070725,-0.11057296824835353,-0.2575762729637838,-39.275,4800
3,0.4456574,0.03474721,-2.076393,-2.076393,40,1.0,0.105,0.0,-0.0005299076282399748,-0.08176600146850813,-0.273683530720661,-35.8,1600,nan,nan,160,0.1,0.015,0.0,-0.05153863301134585,-0.10764212884167312,-0.2590150846161313,-39.4,6400
4,0.44592845,0.0343002,-2.2456913,-2.2456913,50,1.0,0.225,0.0,-0.000982758644407677,-0.07478712421501243,-0.28090860378547305,-31.0,2000,nan,nan,200,0.2,0.024375,0.0,-0.04936180055055767,-0.10735862263883211,-0.2452585041817441,-39.025,8000
5,0.44615522,0.03413303,-2.894347,-2.894347,60,1.0,0.0625,0.0,-0.0013829195641753065,-0.08573782302648539,-0.24403874202939352,-37.5,2400,nan,nan,240,0.2,0.009375,0.0,-0.049371850792177534,-0.11049148602323589,-0.26028158985058825,-39.625,9600
6,0.44662535,0.034100905,-2.9913929,-2.9913929,70,1.0,0.1775,0.0,-0.0013638800658829571,-0.07847778552200474,-0.27253575818770376,-32.9,2800,nan,nan,280,0.2,0.0175,0.0,-0.05234168780386911,-0.11552321486796742,-0.2624886380820641,-39.3,11200
7,0.44689605,0.033822604,-2.8722217,-2.8722217,80,1.0,0.32,0.0,-0.0010945192557000939,-0.06927296655840348,-0.239698449126845,-27.2,3200,nan,nan,320,0.1,0.006875000000000001,0.0,-0.05269749866223984,-0.11101472528982051,-0.26513528332933045,-39.725,12800
8,0.44727457,0.033775765,-3.0100715,-3.0100715,90,1.0,0.3175,0.0,-0.001495641286968581,-0.07422587984246494,-0.2517657843101311,-27.3,3600,nan,nan,360,0.1,0.01625,0.0,-0.050781428456162604,-0.11447701394434824,-0.2643434761384297,-39.35,14400
9,0.4475707,0.033664484,-3.6378958,-3.6378958,100,1.0,0.2425,0.0,-0.0036682293794968565,-0.08010217916087584,-0.2377042833554075,-30.3,4000,nan,nan,400,0.5,0.042499999999999996,0.0,-0.03133858271531609,-0.10869770704317842,-0.24393496351648675,-38.3,16000
10,0.44763562,0.033401575,-3.7820141,-3.7820141,110,1.0,0.2525,0.0,-0.0020338603009298515,-0.07274877714852358,-0.25011426282258775,-29.9,4400,nan,nan,440,0.2,0.019999999999999997,0.0,-0.04675651109325396,-0.1066369354750476,-0.2409693653357296,-39.2,17600
11,0.44776738,0.03317259,-4.431935,-4.431935,120,1.0,0.1875,0.0,-0.003589293820516264,-0.07784598311022972,-0.24865558265843327,-32.5,4800,nan,nan,480,0.1,0.01,0.0,-0.0553802534414648,-0.11093353383198716,-0.2378456537544392,-39.6,19200
12,0.44781718,0.033083137,-5.5257435,-5.5257435,130,1.0,0.045,0.0,-0.0033469085991433656,-0.08649067755027946,-0.2372413776537446,-38.2,5200,nan,nan,520,0.2,0.017499999999999998,0.0,-0.04757463121684237,-0.11398047736433956,-0.25013212739735513,-39.3,20800
13,0.44779626,0.032912534,-5.0093346,-5.0093346,140,1.0,0.2,0.0,-0.002755728704605072,-0.08187411140747805,-0.23965099911024185,-32.0,5600,nan,nan,560,0.1,0.00375,0.0,-0.054085352614426464,-0.10830822276095942,-0.2530716932683511,-39.85,22400
14,0.4479833,0.03286643,-4.9970417,-4.9970417,150,1.0,0.16,0.0,-0.0070935292051140355,-0.08015350511463847,-0.2549765753469372,-33.6,6000,nan,nan,600,0.2,0.03125,0.0,-0.047205094285067604,-0.10820597486429584,-0.24513369521025546,-38.75,24000
15,0.44793427,0.032826014,-6.6665874,-6.6665874,160,1.0,0.0625,0.0,-0.003002193737840239,-0.08533256213689679,-0.25638365854128725,-37.5,6400,nan,nan,640,0.3,0.05500000000000001,0.0,-0.045997667000805334,-0.10858624894307896,-0.2508900398575722,-37.8,25600
16,0.44794452,0.03270221,-6.4733887,-6.4733887,170,1.0,0.13,0.0,-0.006669867525172888,-0.08296279886737955,-0.24162719462638196,-34.8,6800,nan,nan,680,0.1,0.008125,0.0,-0.0524769064058363,-0.10955878294964819,-0.24938506617600892,-39.675,27200
17,0.44791055,0.032603014,-6.7908063,-6.7908063,180,1.0,0.1225,0.0,-0.0032352676684427495,-0.08272794660304558,-0.2573029520022362,-35.1,7200,nan,nan,720,0.3,0.01125,0.0,-0.0477908598224649,-0.10914939470593779,-0.24299953879127548,-39.55,28800
18,0.44793257,0.032412942,-6.045037,-6.045037,190,1.0,0.2625,0.0,-0.002460388045976288,-0.0773317245689056,-0.26385018251727566,-29.5,7600,nan,nan,760,0.2,0.02,0.0,-0.04700833800277642,-0.10254536680087119,-0.24140487750931658,-39.2,30400
19,0.44793406,0.03230846,-7.287994,-7.287994,200,1.0,0.14,0.0,-0.0027929683583370335,-0.08307518346325353,-0.259418037988789,-34.4,8000,nan,nan,800,0.2,0.013125000000000001,0.0,-0.049321118986041475,-0.11066262679560099,-0.23651888884119363,-39.475,32000
20,0.44798768,0.032261185,-7.5627565,-7.5627565,210,1.0,0.125,0.0,-0.005760547143522109,-0.08072810546707768,-0.24010318828755542,-35.0,8400,nan,nan,840,0.0,0.0,0.0,-0.05864284657312685,-0.11435195608324748,-0.25781234703125155,-40.0,33600
21,0.44802248,0.032194488,-7.900564,-7.900564,220,1.0,0.12,0.0,-0.0029543754221478054,-0.08383380856666374,-0.24603650190164267,-35.2,8800,nan,nan,880,0.4,0.026250000000000002,0.0,-0.041940990357531134,-0.11326927511018343,-0.25517731857573805,-38.95,35200
22,0.44809318,0.032151625,-7.6532288,-7.6532288,230,1.0,0.1925,0.0,-0.002531835190627669,-0.07537892062794807,-0.2312354158109903,-32.3,9200,nan,nan,920,0.3,0.0225,0.0,-0.04958792353935619,-0.11900540178311139,-0.24899237795149967,-39.1,36800
23,0.44802272,0.03203187,-8.920396,-8.920396,240,1.0,0.1075,0.0,-0.002666385743303495,-0.08362668652516028,-0.24596209069151778,-35.7,9600,nan,nan,960,0.3,0.004999999999999999,0.0,-0.053234142051205045,-0.11021481649997858,-0.2543448836604172,-39.8,38400
24,0.44798803,0.031880546,-7.5631566,-7.5631566,250,1.0,0.245,0.0,-0.002734900171525403,-0.07012000635778257,-0.22192590534632473,-30.2,10000,nan,nan,1000,0.7,0.034374999999999996,0.0,-0.03186570027808789,-0.10592258983509244,-0.24368742866207366,-38.625,40000
25,0.44790104,0.031702366,-6.0822864,-6.0822864,260,1.0,0.3625,0.0,-0.003871243824597484,-0.07204348415519043,-0.23730333474482704,-25.5,10400,nan,nan,1040,0.6,0.061875,0.0,-0.029640200613335037,-0.10203401053559753,-0.2601928340332792,-37.525,41600
26,0.44784132,0.03154291,-5.925236,-5.925236,270,1.0,0.4275,0.0,-0.0028325366000017797,-0.0689506232965732,-0.2486678322265588,-22.9,10800,nan,nan,1080,0.7,0.096875,0.0,-0.024264049685836987,-0.09603444909971706,-0.24994191732860815,-36.125,43200
27,0.4477923,0.031403746,-6.481903,-6.481903,280,1.0,0.3425,0.0,-0.004441607549056698,-0.07395917861042546,-0.2561953259461077,-26.3,11200,nan,nan,1120,0.9,0.08875000000000001,0.0,-0.020479523176649368,-0.09854720446719605,-0.2501748400591232,-36.45,44800
28,0.44775572,0.03126194,-5.37076,-5.37076,290,1.0,0.48,0.0,-0.003375414555942773,-0.06313803938754893,-0.23979415570633114,-20.8,11600,nan,nan,1160,0.9,0.14375,0.0,-0.016695638329348658,-0.09366220787473861,-0.25461095469036127,-34.25,46400
29,0.4477383,0.031163702,-5.2663307,-5.2663307,300,1.0,0.5275,0.0,-0.002280038889715819,-0.06189306359936172,-0.2588411449096769,-18.9,12000,nan,nan,1200,1.0,0.15375,0.0,-0.008432826863395294,-0.09620266078588909,-0.2608542263599722,-33.85,48000
30,0.4477601,0.031028882,-5.8426294,-5.8426294,310,1.0,0.4525,0.0,-0.006389811878099381,-0.06853003797269973,-0.2580335874925146,-21.9,12400,nan,nan,1240,1.0,0.15875,0.0,-0.011620449876454306,-0.09035235702606785,-0.24498411709778445,-33.65,49600
31,0.44789276,0.031004345,-7.9464197,-7.9464197,320,1.0,0.12,0.0,-0.004208137688004153,-0.08547481028877674,-0.2659423458028835,-35.2,12800,nan,nan,1280,0.3,0.04875,0.0,-0.05109962026996383,-0.10496355703686504,-0.2536245402524707,-38.05,51200
32,0.44802567,0.030958967,-7.7506557,-7.7506557,330,1.0,0.19,0.0,-0.0032922263741034454,-0.08253309527609641,-0.25859694021592466,-32.4,13200,nan,nan,1320,0.5,0.027500000000000004,0.0,-0.04822507252360415,-0.10220532179433453,-0.25498496730749853,-38.9,52800
33,0.4480302,0.030893648,-5.182971,-5.182971,340,1.0,0.5625,0.0,-0.0024656541497181488,-0.05550839439860466,-0.2694616869736486,-17.5,13600,nan,nan,1360,1.0,0.20875000000000005,0.0,-0.006934794882702103,-0.0857068083676886,-0.2558205858862331,-31.65,54400
34,0.44798508,0.030823544,-5.344683,-5.344683,350,1.0,0.5425,0.0,-0.0036696560989216104,-0.057846594230038156,-0.2291256752148996,-18.3,14000,nan,nan,1400,1.0,0.35,0.0,-0.004870848912558248,-0.07597538817523193,-0.26771656867764604,-26.0,56000
35,0.44794235,0.03072331,-5.083091,-5.083091,360,1.0,0.565,0.0,-0.004895140729935368,-0.05782018687552287,-0.25669252068747844,-17.4,14400,nan,nan,1440,1.0,0.355625,0.0,-0.0036097878897863368,-0.07604455812577583,-0.23835173904280108,-25.775,57600
36,0.44793615,0.030640006,-4.93872,-4.93872,370,1.0,0.5775,0.0,-0.0017985427025666106,-0.05728088693020943,-0.2617937275770198,-16.9,14800,nan,nan,1480,1.0,0.26437499999999997,0.0,-0.006868218124921233,-0.08305923922299466,-0.2486468645530814,-29.425,59200
37,0.4479142,0.030603448,-4.937892,-4.937892,380,1.0,0.58,0.0,-0.001545450621473205,-0.05732585369205978,-0.2547957821091845,-16.8,15200,nan,nan,1520,1.0,0.3275,0.0,-0.005243390097937874,-0.07991658492528689,-0.26413008126692683,-26.9,60800
38,0.4479033,0.030525282,-4.8145933,-4.8145933,390,1.0,0.585,0.0,-0.0023255496530995333,-0.05360242652319793,-0.23501215982137783,-16.6,15600,nan,nan,1560,1.0,0.31,0.0,-0.006211708110169303,-0.08009563647554599,-0.25134068367755974,-27.6,62400
39,0.4478784,0.030456373,-4.8897896,-4.8897896,400,1.0,0.5775,0.0,-0.002213324893426745,-0.053738252852666396,-0.2430938655520372,-16.9,16000,nan,nan,1600,1.0,0.3825,0.0,-0.0037808916359435125,-0.07262665765140326,-0.2490623600512869,-24.7,64000
40,0.4478489,0.030380813,-5.1225753,-5.1225753,410,1.0,0.5675,0.0,-0.0015856584255791682,-0.05812108663739424,-0.23120158874981972,-17.3,16400,nan,nan,1640,1.0,0.42437499999999995,0.0,-0.0039030250577717735,-0.07011274128112308,-0.232647781725058,-23.025,65600
41,0.44781038,0.030317327,-4.697874,-4.697874,420,1.0,0.5925,0.0,-0.002058182294520165,-0.05324577084537483,-0.2525712063074206,-16.3,16800,nan,nan,1680,1.0,0.42625,0.0,-0.0032256637065399053,-0.06821854673836224,-0.2500440176757306,-22.95,67200
42,0.44775864,0.030281665,-4.9049487,-4.9049487,430,1.0,0.565,0.0,-0.001593455891726846,-0.05647597421935073,-0.2597187413739389,-17.4,17200,nan,nan,1720,1.0,0.416875,0.0,-0.0027879847002154653,-0.07061702823238147,-0.2488584995482482,-23.325,68800
43,0.44769093,0.030259175,-5.20643,-5.20643,440,1.0,0.5525,0.0,-0.0006015014810844801,-0.058189314959172414,-0.23951423885958323,-17.9,17600,nan,nan,1760,1.0,0.41875,0.0,-0.0025369427412105937,-0.06954534737174753,-0.25074738268773844,-23.25,70400
44,0.44763163,0.030224549,-4.3903294,-4.3903294,450,1.0,0.62,0.0,-0.0019270160007844996,-0.05162225320350644,-0.2642162411180689,-15.2,18000,nan,nan,1800,1.0,0.47624999999999995,0.0,-0.0032769264495525648,-0.0656587329874586,-0.24217039556869188,-20.95,72000
45,0.44758037,0.030201571,-4.5620317,-4.5620317,460,1.0,0.615,0.0,-0.0012824553975820062,-0.052371052201807114,-0.2643669623698736,-15.4,18400,nan,nan,1840,1.0,0.46125,0.0,-0.002511480066831179,-0.06907414417822955,-0.2569496813172272,-21.55,73600
46,0.44753194,0.030151658,-4.529238,-4.529238,470,1.0,0.59,0.0,-0.0011293524458008697,-0.05307994506409686,-0.20013078320661487,-16.4,18800,nan,nan,1880,1.0,0.456875,0.0,-0.0026844402312489525,-0.06677923963538362,-0.23703636038524895,-21.725,75200
47,0.44748417,0.030127509,-4.277568,-4.277568,480,1.0,0.6125,0.0,-0.00223249944386978,-0.05203471116558922,-0.2471796608207169,-15.5,19200,nan,nan,1920,1.0,0.48375,0.0,-0.0029410272230871687,-0.06695377890201025,-0.2510826368439446,-20.65,76800
48,0.44742528,0.030118907,-3.4822533,-3.4822533,490,1.0,0.67,0.0,-0.0004735787384753398,-0.045428344409055015,-0.2501237554905887,-13.2,19600,nan,nan,1960,1.0,0.4925,0.0,-0.0028404828382181508,-0.06576758738702623,-0.237070051124949,-20.3,78400
49,0.4473605,0.03014875,-4.11528,-4.11528,500,1.0,0.6175,0.0,-0.0017894624561834494,-0.04967115640663952,-0.27869948537610423,-15.3,20000,nan,nan,2000,1.0,0.41187500000000005,0.0,-0.004226938588296075,-0.07485543583444737,-0.2682309650640541,-23.525,80000
50,0.44728324,0.030165598,-4.4566345,-4.4566345,510,1.0,0.5875,0.0,-0.0008561784356223699,-0.05510219677953561,-0.26552554582913407,-16.5,20400,nan,nan,2040,1.0,0.47000000000000003,0.0,-0.0027415035089585413,-0.07080001282261182,-0.26583630171731776,-21.2,81600
51,0.44723427,0.030137261,-4.809123,-4.809123,520,1.0,0.575,0.0,-0.0013038229623732825,-0.05692819013424129,-0.2600217080374494,-17.0,20800,nan,nan,2080,1.0,0.5081249999999999,0.0,-0.0030091438566117045,-0.06583821173166453,-0.24813065096532155,-19.675,83200
52,0.4471437,0.030168721,-4.127537,-4.127537,530,1.0,0.5775,0.0,-0.0015757097570016738,-0.05433259787817271,-0.2515980755965919,-16.9,21200,nan,nan,2120,1.0,0.545625,0.0,-0.002561334877986339,-0.06449676829938175,-0.2636959058537923,-18.175,84800
53,0.447085,0.030162496,-4.060887,-4.060887,540,1.0,0.6175,0.0,-0.000950148429311424,-0.049408402632482785,-0.23730608395378597,-15.3,21600,nan,nan,2160,1.0,0.5175,0.0,-0.0018700287195639702,-0.06401621492590477,-0.2462732621914109,-19.3,86400
54,0.44702062,0.030160068,-3.5758297,-3.5758297,550,1.0,0.62,0.0,-0.00098731839551676,-0.05212406177561125,-0.265909243388344,-15.2,22000,nan,nan,2200,1.0,0.545625,0.0,-0.002435922778324191,-0.06506299738628295,-0.24734169561420466,-18.175,88000
55,0.44698814,0.030154765,-3.4888263,-3.4888263,560,1.0,0.66,0.0,-0.0007387749695148474,-0.04608090810988142,-0.21904887961874556,-13.6,22400,nan,nan,2240,1.0,0.426875,0.0,-0.00243590679104137,-0.07369718101423584,-0.24564223685444647,-22.925,89600
56,0.44693598,0.03012331,-3.2690673,-3.2690673,570,1.0,0.665,0.0,-0.0009385662044078556,-0.04747086925616337,-0.2203465936340381,-13.4,22800,nan,nan,2280,1.0,0.5231250000000001,0.0,-0.002292250067114562,-0.06336829484833967,-0.237322934008541,-19.075,91200
57,0.44687915,0.030121118,-3.6466715,-3.6466715,580,1.0,0.62,0.0,-0.0005500197551126819,-0.04939073398231109,-0.2271081347942899,-15.2,23200,nan,nan,2320,1.0,0.52125,0.0,-0.0021753825831266438,-0.06473929751090957,-0.25790899709401705,-19.15,92800
58,0.4468253,0.030106358,-3.5510476,-3.5510476,590,1.0,0.6325,0.0,-0.0004467271204364523,-0.05108618256922314,-0.2674557683587979,-14.7,23600,nan,nan,2360,1.0,0.56875,0.0,-0.0018894071919180896,-0.05878702468890651,-0.23319736141946476,-17.25,94400
59,0.4467664,0.030116541,-3.6800373,-3.6800373,600,1.0,0.605,0.0,-0.0013931676460865307,-0.05207530367697965,-0.26375416528177126,-15.8,24000,nan,nan,2400,1.0,0.5399999999999999,0.0,-0.0025234603256264693,-0.0650931521162855,-0.25727163574257894,-18.4,96000
60,0.44672093,0.030105883,-3.394661,-3.394661,610,1.0,0.6375,0.0,-0.0013167456499994404,-0.04700263887709397,-0.23423928809760478,-14.5,24400,nan,nan,2440,1.0,0.5393749999999999,0.0,-0.0023497631298517794,-0.06347905622634423,-0.24845110869107573,-18.425,97600
61,0.44664076,0.030130567,-2.8939707,-2.8939707,620,1.0,0.7025,0.0,-0.0013680079506833602,-0.04275801216755157,-0.22013185999531762,-11.9,24800,nan,nan,2480,1.0,0.55375,0.0,-0.002135753270482704,-0.06267288040181011,-0.25323148572132986,-17.85,99200
62,0.44660798,0.03010258,-3.1593702,-3.1593702,630,1.0,0.6425,0.0,-0.0009367644571860951,-0.047580207150815124,-0.28326281133092696,-14.3,25200,nan,nan,2520,1.0,0.534375,0.0,-0.0025611849888040497,-0.06053284506699791,-0.2384175746299309,-18.625,100800
63,0.4465697,0.03008511,-3.6507554,-3.6507554,640,1.0,0.61,0.0,-0.0015620245943637322,-0.05416509947899626,-0.2688820705089248,-15.6,25600,nan,nan,2560,1.0,0.5337500000000001,0.0,-0.001906020050430873,-0.06358849156384774,-0.2548736460754827,-18.65,102400
64,0.44652888,0.03007587,-2.5071275,-2.5071275,650,1.0,0.7075,0.0,-0.0006572396498757836,-0.04079635191219968,-0.22888955989771342,-11.7,26000,nan,nan,2600,1.0,0.57125,0.0,-0.0021765765142444183,-0.059654912319732335,-0.2488302114096545,-17.15,104000
65,0.44648886,0.030042507,-2.7912874,-2.7912874,660,1.0,0.685,0.0,-0.0012371239283189886,-0.044321760713264345,-0.24551913200905967,-12.6,26400,nan,nan,2640,1.0,0.555,0.0,-0.0021888581240562754,-0.05965762335259657,-0.2359986617072563,-17.8,105600
66,0.44644842,0.030043466,-3.0483782,-3.0483782,670,1.0,0.645,0.0,-0.002342838497482645,-0.04767155349964269,-0.2325756331702828,-14.2,26800,nan,nan,2680,1.0,0.51875,0.0,-0.0024053857256688773,-0.065104312018518,-0.2622692364290856,-19.25,107200
67,0.44642487,0.030014692,-3.1829383,-3.1829383,680,1.0,0.64,0.0,-0.0006721965162107196,-0.04933030818240122,-0.2539757672447353,-14.4,27200,nan,nan,2720,1.0,0.52875,0.0,-0.0021892959778033903,-0.06116086572989656,-0.25377385977053823,-18.85,108800
68,0.44637135,0.030021949,-2.9783895,-2.9783895,690,1.0,0.6425,0.0,-0.001152815797117355,-0.04979580861575918,-0.24714330828392053,-14.3,27600,nan,nan,2760,1.0,0.5543750000000001,0.0,-0.00247104987293069,-0.06279917328281612,-0.26107600671418313,-17.825,110400
69,0.44633687,0.03001511,-3.4918506,-3.4918506,700,1.0,0.58,0.0,-0.0012565954650137375,-0.054668567072623395,-0.25045093347073494,-16.8,28000,nan,nan,2800,1.0,0.558125,0.0,-0.001960638968339927,-0.06005332150873538,-0.23449721022328252,-17.675,112000
70,0.44630858,0.02999028,-2.8443542,-2.8443542,710,1.0,0.6475,0.0,-0.0016553006668515694,-0.04883467579717346,-0.2361074058745223,-14.1,28400,nan,nan,2840,1.0,0.558125,0.0,-0.002662962801082173,-0.05898319344057571,-0.2441135826443354,-17.675,113600
71,0.4462794,0.029973993,-2.68892,-2.68892,720,1.0,0.67,0.0,-0.0013590991997969501,-0.04525966441324327,-0.22357971735417678,-13.2,28800,nan,nan,2880,1.0,0.5387500000000001,0.0,-0.002717804050042489,-0.0632219615336936,-0.2531550046081724,-18.45,115200
72,0.44624028,0.029961035,-2.7592218,-2.7592218,730,1.0,0.6575,0.0,-0.0013123536631025091,-0.04822848794201232,-0.22625588603633437,-13.7,29200,nan,nan,2920,1.0,0.5475,0.0,-0.0020966945401131956,-0.06265944550351342,-0.26090291587326386,-18.1,116800
73,0.44620433,0.029947529,-2.7941272,-2.7941272,740,1.0,0.6575,0.0,-0.0024674229956307484,-0.047581966876671516,-0.25759012340439325,-13.7,29600,nan,nan,2960,1.0,0.57375,0.0,-0.0025653439722110004,-0.06202770452905657,-0.24697528685054643,-17.05,118400
74,0.44617915,0.029925952,-3.0252616,-3.0252616,750,1.0,0.64,0.0,-0.001568603868929841,-0.05275345771692407,-0.2541798727778177,-14.4,30000,nan,nan,3000,1.0,0.56375,0.0,-0.0022710559924095735,-0.05984344250906907,-0.24411944172420896,-17.45,120000
75,0.4461496,0.029920219,-2.8668602,-2.8668602,760,1.0,0.6425,0.0,-0.000961623637490434,-0.05004736878793443,-0.27516436827099944,-14.3,30400,nan,nan,3040,1.0,0.551875,0.0,-0.002405854183444955,-0.06265235807049266,-0.2596697268311984,-17.925,121600
76,0.4461218,0.0299062,-2.827425,-2.827425,770,1.0,0.6425,0.0,-0.0002953109975465072,-0.05042399902299046,-0.2619215241709918,-14.3,30800,nan,nan,3080,1.0,0.56375,0.0,-0.0023086415247125696,-0.05899681344413503,-0.24026497783864542,-17.45,123200
77,0.44608542,0.029904798,-2.4572747,-2.4572747,780,1.0,0.6975,0.0,-0.0006940176356892374,-0.042445460353639025,-0.2767578073842103,-12.1,31200,nan,nan,3120,1.0,0.6025,0.0,-0.0024022324234437573,-0.05775761483074905,-0.2439115859898182,-15.9,124800
78,0.4460665,0.029884359,-2.4880767,-2.4880767,790,1.0,0.68,0.0,-0.0008558817239850797,-0.04536843482836072,-0.2565161176824649,-12.8,31600,nan,nan,3160,1.0,0.58125,0.0,-0.002331298006839319,-0.059448281275415515,-0.2393306763992192,-16.75,126400
79,0.44603094,0.029878797,-2.3060844,-2.3060844,800,1.0,0.7025,0.0,-0.0012162980172181093,-0.044760445967146095,-0.2673648732727153,-11.9,32000,nan,nan,3200,1.0,0.6043749999999999,0.0,-0.0021203791229762363,-0.05646974884356785,-0.2443576991287213,-15.825,128000
80,0.44600585,0.029854849,-2.5999506,-2.5999506,810,1.0,0.66,0.0,-0.001104082758327715,-0.048033765465595006,-0.23563670700024233,-13.6,32400,nan,nan,3240,1.0,0.568125,0.0,-0.002855247023104025,-0.05892019606442335,-0.24849638895831885,-17.275,129600
81,0.44595882,0.029848227,-2.5248115,-2.5248115,820,1.0,0.68,0.0,-0.0008594373609598373,-0.04614082487173382,-0.2711579185729763,-12.8,32800,nan,nan,3280,1.0,0.5968749999999999,0.0,-0.003152344535666031,-0.05844568909848837,-0.24666776347988928,-16.125,131200
82,0.44593355,0.029833151,-2.6159625,-2.6159625,830,1.0,0.6775,0.0,-0.0013931814475749368,-0.04640832033856431,-0.2565429518954439,-12.9,33200,nan,nan,3320,1.0,0.563125,0.0,-0.0023066552375087595,-0.05978752574061698,-0.2559316626758278,-17.475,132800
83,0.44590497,0.02981648,-2.532752,-2.532752,840,1.0,0.675,0.0,-0.0024429203075137683,-0.04565279906569276,-0.2502349348867485,-13.0,33600,nan,nan,3360,1.0,0.56375,0.0,-0.0023672929828691606,-0.0589874990496899,-0.255227161827944,-17.45,134400
84,0.44587615,0.0298224,-2.466066,-2.466066,850,1.0,0.685,0.0,-0.001247256019208882,-0.044447919820180586,-0.2551913795078343,-12.6,34000,nan,nan,3400,1.0,0.5149999999999999,0.0,-0.002501262079349732,-0.06576398800106321,-0.2721177902997281,-19.4,136000
85,0.4458449,0.029821487,-2.3826418,-2.3826418,860,1.0,0.68,0.0,-0.000971282557531894,-0.04662747700026007,-0.23234962135648024,-12.8,34400,nan,nan,3440,1.0,0.5625,0.0,-0.002840323134296447,-0.06160428580898334,-0.24391967997572186,-17.5,137600
86,0.44581857,0.029813493,-2.413875,-2.413875,870,1.0,0.6825,0.0,-0.0011510039837007474,-0.04488378087187148,-0.2329261430466093,-12.7,34800,nan,nan,3480,1.0,0.549375,0.0,-0.0025562016902173196,-0.06350854439041025,-0.24559023207746603,-18.025,139200
87,0.44579732,0.029788963,-2.31011,-2.31011,880,1.0,0.705,0.0,-0.001287684539377017,-0.043862902553639574,-0.23909025338194276,-11.8,35200,nan,nan,3520,1.0,0.568125,0.0,-0.0019471979595516193,-0.05844460222429586,-0.2410986042137159,-17.275,140800
88,0.44577208,0.029776774,-2.658829,-2.658829,890,1.0,0.64,0.0,-0.0014826167677972374,-0.0473364480787471,-0.24789594254877706,-14.4,35600,nan,nan,3560,1.0,0.541875,0.0,-0.0032478088826937666,-0.06252104345713023,-0.2525468508438452,-18.325,142400
89,0.4457498,0.029756503,-1.9889197,-1.9889197,900,1.0,0.725,0.0,-0.0005417059353266157,-0.04020026404211177,-0.2332540595579373,-11.0,36000,nan,nan,3600,1.0,0.5700000000000001,0.0,-0.002622427112582043,-0.059620347533156856,-0.23845530293517342,-17.2,144000
90,0.4457173,0.029736785,-2.2437088,-2.2437088,910,1.0,0.7025,0.0,-0.0020373181963318655,-0.04166148708629968,-0.20451157537908696,-11.9,36400,nan,nan,3640,1.0,0.630625,0.0,-0.00235881553876598,-0.05472780479451518,-0.2447371291374628,-14.775,145600
91,0.4456979,0.029720256,-2.5834363,-2.5834363,920,1.0,0.6575,0.0,-0.0017325471131985027,-0.049363982570886485,-0.26105498165873836,-13.7,36800,nan,nan,3680,1.0,0.5937500000000001,0.0,-0.0021955055666063464,-0.05573634849423359,-0.2395139397276595,-16.25,147200
92,0.44567695,0.029711636,-2.3919592,-2.3919592,930,1.0,0.685,0.0,-0.0013726610168081515,-0.044274645402301395,-0.2644159451116282,-12.6,37200,nan,nan,3720,1.0,0.6018749999999999,0.0,-0.0023332716475503853,-0.0565868507097528,-0.25077332546908665,-15.925,148800
93,0.44565555,0.029702583,-2.217964,-2.217964,940,1.0,0.7,0.0,-0.0020379519524656355,-0.04171436868547368,-0.24049216886609912,-12.0,37600,nan,nan,3760,1.0,0.5775,0.0,-0.0021727443607228907,-0.05983674026746434,-0.2457350336146175,-16.9,150400
94,0.44564214,0.029678948,-2.513706,-2.513706,950,1.0,0.675,0.0,-0.0008943216305490058,-0.047634121976799566,-0.2683540073748668,-13.0,38000,nan,nan,3800,1.0,0.590625,0.0,-0.0026257834826471363,-0.058140734253039436,-0.23479421362898018,-16.375,152000
95,0.44562808,0.029654661,-2.3759773,-2.3759773,960,1.0,0.6775,0.0,-0.0016422621658582267,-0.045996539740380274,-0.23106979834024796,-12.9,38400,nan,nan,3840,1.0,0.5825,0.0,-0.0030693898385807028,-0.058874078139962205,-0.2353270848392075,-16.7,153600
96,0.4456127,0.029651387,-2.7536628,-2.7536628,970,1.0,0.6225,0.0,-0.0017653178983525449,-0.05007512504957515,-0.24910459218073908,-15.1,38800,nan,nan,3880,1.0,0.5774999999999999,0.0,-0.0023825646781251175,-0.061930658901513,-0.24274386231912617,-16.9,155200
97,0.44559076,0.029640885,-2.0968113,-2.0968113,980,1.0,0.715,0.0,-0.001459015984833721,-0.04141327967097176,-0.24125797069810612,-11.4,39200,nan,nan,3920,1.0,0.5806250000000001,0.0,-0.002176380897610567,-0.06293322292032397,-0.24425524470390644,-16.775,156800
98,0.4455639,0.029624084,-2.1587715,-2.1587715,990,1.0,0.7,0.0,-0.0008645886814988643,-0.043970897592489504,-0.2321825443886647,-12.0,39600,nan,nan,3960,1.0,0.6156250000000001,0.0,-0.0024681886972884237,-0.05702409375034887,-0.249354645140995,-15.375,158400
99,0.44554123,0.029619334,-2.0734608,-2.0734608,1000,1.0,0.7225,0.0,-0.0012139596773762674,-0.04166874050762073,-0.23287610099063785,-11.1,40000,nan,nan,4000,1.0,0.621875,0.0,-0.0024435197039173817,-0.058445557986756935,-0.2689361970188918,-15.125,160000
100,0.4455206,0.029614644,-2.089463,-2.089463,1010,1.0,0.715,0.0,-0.0014235880047207305,-0.04463501010593642,-0.2583336611373986,-11.4,40400,nan,nan,4040,1.0,0.59125,0.0,-0.003407790427951787,-0.06086482618529358,-0.2528759744080259,-16.35,161600
101,0.4455144,0.029598318,-2.362549,-2.362549,1020,1.0,0.6775,0.0,-0.001189411256465878,-0.0443293940637243,-0.2545608622693844,-12.9,40800,nan,nan,4080,1.0,0.5374999999999999,0.0,-0.002422880274360615,-0.06322088460573515,-0.23771090313389015,-18.5,163200
102,0.4455035,0.029585918,-2.5914633,-2.5914633,1030,1.0,0.64,0.0,-0.0009590565070892974,-0.04953095501263472,-0.24401602089812413,-14.4,41200,nan,nan,4120,1.0,0.60375,0.0,-0.0025261148219186567,-0.0596589331749374,-0.2452436199947881,-15.85,164800
103,0.44549516,0.029585266,-2.1575031,-2.1575031,1040,1.0,0.7075,0.0,-0.00044737768886145334,-0.043939563775482686,-0.2677395908849036,-11.7,41600,nan,nan,4160,1.0,0.5406250000000001,0.0,-0.0026364723499691946,-0.06620471836074808,-0.2725686630793533,-18.375,166400
104,0.44547734,0.029571109,-2.070298,-2.070298,1050,1.0,0.715,0.0,-0.0014690013024836305,-0.044112903123364584,-0.26641357008066807,-11.4,42000,nan,nan,4200,1.0,0.5931249999999999,0.0,-0.002770991476624077,-0.06128489637988781,-0.2530449280120608,-16.275,168000
105,0.44546342,0.029543823,-1.9690962,-1.9690962,1060,1.0,0.7325,0.0,-0.0032338971708359967,-0.04129079317038982,-0.2623617478291419,-10.7,42400,nan,nan,4240,1.0,0.62375,0.0,-0.0034191977996202625,-0.05657527999443353,-0.2359030381289417,-15.05,169600
106,0.44544613,0.029521829,-2.1043768,-2.1043768,1070,1.0,0.715,0.0,-0.0015574052497271081,-0.04326021863735872,-0.23687315582329685,-11.4,42800,nan,nan,4280,1.0,0.621875,0.0,-0.0027424551524091066,-0.05693406502976669,-0.2530121186186221,-15.125,171200
107,0.4454285,0.029507482,-2.4064472,-2.4064472,1080,1.0,0.66,0.0,-0.0012416701371096666,-0.04768884129778619,-0.27280981110889263,-13.6,43200,nan,nan,4320,1.0,0.579375,0.0,-0.002795563279346435,-0.06315872459229914,-0.2607231067649556,-16.825,172800
108,0.44541416,0.029497564,-2.2224884,-2.2224884,1090,1.0,0.7,0.0,-0.000757070493691911,-0.04208654902561735,-0.23581780921418885,-12.0,43600,nan,nan,4360,1.0,0.58125,0.0,-0.0022338909636667173,-0.05995618583842453,-0.24158747463840605,-16.75,174400
109,0.44540134,0.029484218,-2.412071,-2.412071,1100,1.0,0.6725,0.0,-0.0013450315642508607,-0.04435903568467196,-0.22424959068170291,-13.1,44000,nan,nan,4400,1.0,0.586875,0.0,-0.0026564977639269407,-0.05868245052659099,-0.24184997853403045,-16.525,176000
110,0.4453788,0.029479504,-2.431254,-2.431254,1110,1.0,0.6675,0.0,-0.001074784826831862,-0.05002954775223082,-0.26659141205885545,-13.3,44400,nan,nan,4440,1.0,0.5875000000000001,0.0,-0.0025092438599732987,-0.0596761958306941,-0.25538374696490446,-16.5,177600
111,0.44536686,0.029470528,-2.4225419,-2.4225419,1120,1.0,0.675,0.0,-0.000882492264653466,-0.04683049391564432,-0.2712058613067297,-13.0,44800,nan,nan,4480,1.0,0.5737499999999999,0.0,-0.0027939809285838506,-0.060887878069679505,-0.25329636714850234,-17.05,179200
112,0.44535446,0.029456139,-1.84129,-1.84129,1130,1.0,0.745,0.0,-0.0008230398699123402,-0.04040359817450164,-0.2538050007252555,-10.2,45200,nan,nan,4520,1.0,0.575625,0.0,-0.002761130755136592,-0.060949160654782154,-0.24727488621715504,-16.975,180800
113,0.44534066,0.029455377,-2.168937,-2.168937,1140,1.0,0.7,0.0,-0.0011982548543908427,-0.04487585987357679,-0.23338959345896157,-12.0,45600,nan,nan,4560,1.0,0.6387499999999999,0.0,-0.002724896254739575,-0.0572492489686918,-0.24449071012021012,-14.45,182400
114,0.44532725,0.029440612,-2.2487216,-2.2487216,1150,1.0,0.6775,0.0,-0.0007622649239561375,-0.0440780076740261,-0.258029585215463,-12.9,46000,nan,nan,4600,1.0,0.608125,0.0,-0.0028991122206847497,-0.05962919640108694,-0.23671978031953592,-15.675,184000
115,0.44531587,0.02942071,-2.496168,-2.496168,1160,1.0,0.65,0.0,-0.000424513036483361,-0.05089596145360451,-0.24011082595061306,-14.0,46400,nan,nan,4640,1.0,0.6050000000000001,0.0,-0.0028103212850134,-0.05872206574775078,-0.25378705165291504,-15.8,185600
116,0.44529438,0.029413521,-2.0930717,-2.0930717,1170,1.0,0.71,0.0,-0.000434109838554004,-0.0457108738177946,-0.24140303396746424,-11.6,46800,nan,nan,4680,1.0,0.621875,0.0,-0.0025710327955560603,-0.059276194835097974,-0.26084381840141246,-15.125,187200
117,0.4452865,0.029402792,-1.893179,-1.893179,1180,1.0,0.72,0.0,-0.0010818898945422982,-0.04308892568477836,-0.2294866481149798,-11.2,47200,nan,nan,4720,1.0,0.5931249999999999,0.0,-0.003635436383540109,-0.0633330051850469,-0.2576701678149068,-16.275,188800
118,0.44526777,0.029393151,-2.1580122,-2.1580122,1190,1.0,0.6925,0.0,-0.0013796430735523678,-0.04549521691909212,-0.2080049778505209,-12.3,47600,nan,nan,4760,1.0,0.64,0.0,-0.0032079995741169437,-0.05978247037218968,-0.2538540850925245,-14.4,190400
119,0.44524446,0.029388698,-1.6961445,-1.6961445,1200,1.0,0.76,0.0,-0.0009147247723328855,-0.04020876535675241,-0.2492436580659267,-9.6,48000,nan,nan,4800,1.0,0.63125,0.0,-0.00276896882731792,-0.059373106590164794,-0.25052375040508,-14.75,192000
120,0.44522488,0.029376758,-1.942068,-1.942068,1210,1.0,0.7,0.0,-0.001333240298871515,-0.04339957116310658,-0.2573736011776188,-12.0,48400,nan,nan,4840,1.0,0.65,0.0,-0.002630904676802672,-0.05603943036092416,-0.2499236576364209,-14.0,193600
121,0.44521904,0.029361099,-2.36049,-2.36049,1220,1.0,0.66,0.0,-0.0011593845714699923,-0.04809364193824253,-0.24981559589490593,-13.6,48800,nan,nan,4880,1.0,0.525,0.0,-0.002666828147915599,-0.06462450294088212,-0.2518824806206411,-19.0,195200
122,0.4451969,0.029352657,-2.5837355,-2.5837355,1230,1.0,0.65,0.0,-0.0022508097294730352,-0.05359717890942873,-0.2223156345559323,-14.0,49200,nan,nan,4920,1.0,0.590625,0.0,-0.0029267866995659605,-0.06154510452621716,-0.24575647840483553,-16.375,196800
123,0.44518986,0.029330028,-2.0399685,-2.0399685,1240,1.0,0.715,0.0,-0.002490323726174211,-0.04392539261212416,-0.2374539219888406,-11.4,49600,nan,nan,4960,1.0,0.59625,0.0,-0.002281905443566467,-0.05927205714920725,-0.24549475199400733,-16.15,198400
124,0.44517624,0.029320298,-2.264306,-2.264306,1250,1.0,0.69,0.0,-0.0022155911776162275,-0.048237835302488825,-0.25627323940540203,-12.4,50000,nan,nan,5000,1.0,0.60375,0.0,-0.003397741697182731,-0.06128399167829457,-0.24422205778966705,-15.85,200000
125,0.44516638,0.029304544,-2.4247048,-2.4247048,1260,1.0,0.6725,0.0,-0.0008249540307113144,-0.04810685902271091,-0.23921507610361467,-13.1,50400,nan,nan,5040,1.0,0.648125,0.0,-0.003010141623087019,-0.05530822147672669,-0.23584919183139608,-14.075,201600
126,0.44515154,0.029287523,-1.8793614,-1.8793614,1270,1.0,0.735,0.0,-0.0010969372007007116,-0.04119495265206052,-0.23939325756476323,-10.6,50800,nan,nan,5080,1.0,0.6399999999999999,0.0,-0.003025773082688623,-0.05849116154309601,-0.25105320179891544,-14.4,203200
127,0.44513586,0.029274078,-1.7607654,-1.7607654,1280,1.0,0.7425,0.0,-0.0017769708475087666,-0.039524164986613,-0.2360556087306639,-10.3,51200,nan,nan,5120,1.0,0.641875,0.0,-0.002937958528175427,-0.05401561778036601,-0.25553249667930167,-14.325,204800
128,0.44511735,0.029261539,-2.006695,-2.006695,1290,1.0,0.705,0.0,-0.001433009713526929,-0.043709045747660394,-0.223045839396963,-11.8,51600,nan,nan,5160,1.0,0.650625,0.0,-0.0025905415645178778,-0.05512706032762864,-0.24338915482750031,-13.975,206400
129,0.4451106,0.029246597,-2.1785014,-2.1785014,1300,1.0,0.6975,0.0,-0.0010040400866644192,-0.045577030917313396,-0.24235390024079323,-12.1,52000,nan,nan,5200,1.0,0.6168750000000001,0.0,-0.0035358670540762195,-0.057738800199087635,-0.24247569195808807,-15.325,208000
130,0.44509104,0.02924677,-2.2952404,-2.2952404,1310,1.0,0.66,0.0,-0.00110665929626409,-0.04577516941879489,-0.24992830446143796,-13.6,52400,nan,nan,5240,1.0,0.590625,0.0,-0.0031547714108702404,-0.06328466294669734,-0.2586887911319572,-16.375,209600
131,0.44507846,0.029232897,-2.2851028,-2.2851028,1320,1.0,0.68,0.0,-0.0009512089809537138,-0.043952385554083,-0.2159015957915794,-12.8,52800,nan,nan,5280,1.0,0.598125,0.0,-0.002825697757968638,-0.05938796763555053,-0.2502485383276014,-16.075,211200
132,0.4450599,0.029232554,-2.1708374,-2.1708374,1330,1.0,0.685,0.0,-0.0010054174814241568,-0.045508369442512395,-0.25876593205589626,-12.6,53200,nan,nan,5320,1.0,0.608125,0.0,-0.002949809363924672,-0.06083826444567493,-0.25853811051378267,-15.675,212800
133,0.44505146,0.029228376,-2.1896896,-2.1896896,1340,1.0,0.7025,0.0,-0.001321149494523084,-0.04448814315990317,-0.2625766504243545,-11.9,53600,nan,nan,5360,1.0,0.628125,0.0,-0.0028836985305536115,-0.05789883457356236,-0.2566903124723368,-14.875,214400
134,0.44504142,0.029231498,-2.066728,-2.066728,1350,1.0,0.7,0.0,-0.0009954283773323767,-0.04573993483616958,-0.26586992670229337,-12.0,54000,nan,nan,5400,1.0,0.63,0.0,-0.0027931862964290124,-0.05955580293546542,-0.25982296770269553,-14.8,216000
135,0.44503167,0.029233756,-1.6590219,-1.6590219,1360,1.0,0.75,0.0,-0.001902598338690805,-0.03932859165521668,-0.25236389228759026,-10.0,54400,nan,nan,5440,1.0,0.57125,0.0,-0.0029134728048262003,-0.06458452722874422,-0.268626352362098,-17.15,217600
136,0.44501385,0.029232897,-1.7597983,-1.7597983,1370,1.0,0.7425,0.0,-0.0011458175539425933,-0.04258212186079894,-0.2381768789300876,-10.3,54800,nan,nan,5480,1.0,0.6,0.0,-0.0030119237116575334,-0.06069695574529198,-0.2519085900844787,-16.0,219200
137,0.44500148,0.02922462,-1.7040815,-1.7040815,1380,1.0,0.745,0.0,-0.0009580326338505799,-0.04116002232746237,-0.25862503732283365,-10.2,55200,nan,nan,5520,1.0,0.623125,0.0,-0.0032887351826532255,-0.05962222896772912,-0.25859396119405026,-15.075,220800
138,0.44499156,0.029217869,-2.0175736,-2.0175736,1390,1.0,0.71,0.0,-0.0017284064064772083,-0.04170422611708399,-0.23150313216174304,-11.6,55600,nan,nan,5560,1.0,0.6331249999999999,0.0,-0.0028637500166322884,-0.05931422633272605,-0.2487401414036749,-14.675,222400
139,0.44497713,0.029227696,-2.02596,-2.02596,1400,1.0,0.7075,0.0,-0.0015906233577925785,-0.04491097061586533,-0.24568812556028105,-11.7,56000,nan,nan,5600,1.0,0.635,0.0,-0.0022682242643117098,-0.06018671905444415,-0.2761878246813136,-14.6,224000
140,0.44497117,0.029226044,-2.1906223,-2.1906223,1410,1.0,0.67,0.0,-0.0011070266576697898,-0.04779271310191479,-0.2573925683075949,-13.2,56400,nan,nan,5640,1.0,0.6131249999999999,0.0,-0.002385364632249976,-0.06057514368992565,-0.26175980970316454,-15.475,225600
141,0.44496763,0.029214308,-1.6268317,-1.6268317,1420,1.0,0.76,0.0,-0.0012837328177027383,-0.041163459314698427,-0.26366588641863326,-9.6,56800,nan,nan,5680,1.0,0.589375,0.0,-0.0023879290692906466,-0.058284942539266346,-0.2439249047844228,-16.425,227200
142,0.44494763,0.029211318,-2.080193,-2.080193,1430,1.0,0.7,0.0,-0.0010244353745270916,-0.044253031740363304,-0.24995080233182881,-12.0,57200,nan,nan,5720,1.0,0.639375,0.0,-0.0025816869219624124,-0.0575390509544028,-0.24578418082486703,-14.425,228800
143,0.4449285,0.029214332,-1.8104688,-1.8104688,1440,1.0,0.75,0.0,-0.0016644650301845772,-0.03993330210358052,-0.24941562452488625,-10.0,57600,nan,nan,5760,1.0,0.6406250000000001,0.0,-0.0022651105089221074,-0.05788049439357477,-0.2582296679804388,-14.375,230400
144,0.44491625,0.029207908,-2.180526,-2.180526,1450,1.0,0.69,0.0,-0.0007670411656454118,-0.047652348121638204,-0.2432544940507544,-12.4,58000,nan,nan,5800,1.0,0.6287499999999999,0.0,-0.001986216225390373,-0.05783711972447834,-0.2499773661163974,-14.85,232000
145,0.44490314,0.029204927,-1.7282481,-1.7282481,1460,1.0,0.7375,0.0,-0.0005007797982201978,-0.040038530048049845,-0.24309069741239098,-10.5,58400,nan,nan,5840,1.0,0.6187499999999999,0.0,-0.0029685553357916617,-0.05717794802818962,-0.2465453535506006,-15.25,233600
146,0.4448948,0.029204153,-1.8399724,-1.8399724,1470,1.0,0.725,0.0,-0.0006832390947290154,-0.041461746880623124,-0.24753284154906804,-11.0,58800,nan,nan,5880,1.0,0.58375,0.0,-0.00265439680527131,-0.06057439863731482,-0.2596973895498796,-16.65,235200
147,0.44488308,0.029191284,-1.9650218,-1.9650218,1480,1.0,0.715,0.0,-0.0012880481988530976,-0.044919565237679565,-0.2565895827699227,-11.4,59200,nan,nan,5920,1.0,0.6481250000000001,0.0,-0.0021452926749541863,-0.05417733586948263,-0.23592010344786485,-14.075,236800
148,0.4448746,0.029184876,-1.6762482,-1.6762482,1490,1.0,0.7525,0.0,-0.001049961282823371,-0.03980947653108324,-0.2721361336861533,-9.9,59600,nan,nan,5960,1.0,0.6500000000000001,0.0,-0.0023108431124310843,-0.056365082764707586,-0.24732118843707673,-14.0,238400
149,0.4448668,0.029168034,-1.8698865,-1.8698865,1500,1.0,0.6975,0.0,-0.002640434250328936,-0.04224274317376623,-0.20922528305528218,-12.1,60000,nan,nan,6000,1.0,0.6568749999999999,0.0,-0.0024446804913834962,-0.053343589073341635,-0.23950179568753796,-13.725,240000
150,0.44485915,0.029161371,-2.408464,-2.408464,1510,1.0,0.6425,0.0,-0.0016412904372178978,-0.05236509251815136,-0.2276014064416346,-14.3,60400,nan,nan,6040,1.0,0.628125,0.0,-0.0025083213668106496,-0.05833822946543933,-0.25309878653544715,-14.875,241600
151,0.44483876,0.029161021,-1.8115948,-1.8115948,1520,1.0,0.7175,0.0,-0.0019793268392953724,-0.04356790810669277,-0.23830635113214715,-11.3,60800,nan,nan,6080,1.0,0.641875,0.0,-0.002614230442339624,-0.0587200380657971,-0.2535924503110989,-14.325,243200
152,0.4448273,0.029155137,-1.8257211,-1.8257211,1530,1.0,0.73,0.0,-0.0010842738198092727,-0.041897980529668644,-0.2291351082583801,-10.8,61200,nan,nan,6120,1.0,0.6587500000000001,0.0,-0.002282195412242156,-0.05484695723576664,-0.24799558688374437,-13.65,244800
153,0.444815,0.029143332,-1.6353831,-1.6353831,1540,1.0,0.755,0.0,-0.00042681140544866317,-0.03732756698403159,-0.2298373695435143,-9.8,61600,nan,nan,6160,1.0,0.6637500000000001,0.0,-0.0021880837005633516,-0.05334272031083742,-0.2564610614233988,-13.45,246400
154,0.44479677,0.029133677,-1.6753235,-1.6753235,1550,1.0,0.7475,0.0,-0.0010954758469259977,-0.03907150313567407,-0.25247545050208664,-10.1,62000,nan,nan,6200,1.0,0.66875,0.0,-0.0026246323283564887,-0.05506703727616332,-0.256681041311969,-13.25,248000
155,0.44478872,0.02913476,-1.3018095,-1.3018095,1560,1.0,0.785,0.0,-0.0005648609726526617,-0.035305071498836764,-0.2370206384133218,-8.6,62400,nan,nan,6240,1.0,0.6199999999999999,0.0,-0.0027370221601060877,-0.058699520461228075,-0.26001219918737706,-15.2,249600
156,0.4447756,0.029126624,-1.5171325,-1.5171325,1570,1.0,0.77,0.0,-0.0009885843567782394,-0.03981953755169398,-0.25192512073697765,-9.2,62800,nan,nan,6280,1.0,0.6562500000000001,0.0,-0.0028166741309049786,-0.05535579784270321,-0.2520766331318136,-13.75,251200
157,0.44475877,0.029121352,-1.8558738,-1.8558738,1580,1.0,0.7225,0.0,-0.0007983028542966858,-0.04297430027647651,-0.24778613159195662,-11.1,63200,nan,nan,6320,1.0,0.670625,0.0,-0.0030333532156871035,-0.05692819056946221,-0.26968589844708435,-13.175,252800
158,0.44474256,0.029114148,-1.7927017,-1.7927017,1590,1.0,0.705,0.0,-0.0011068145655558437,-0.04541501189956556,-0.250146954966379,-11.8,63600,nan,nan,6360,1.0,0.624375,0.0,-0.002347741316617588,-0.05882410633289461,-0.2647810298993222,-15.025,254400
159,0.44473204,0.02909563,-1.8331037,-1.8331037,1600,1.0,0.725,0.0,-0.0015775779147378169,-0.04124061226847256,-0.24607426776676172,-11.0,64000,nan,nan,6400,1.0,0.6525000000000001,0.0,-0.002639912665400158,-0.055037813514990354,-0.24849897487701483,-13.9,256000
160,0.44472876,0.029083865,-1.7887285,-1.7887285,1610,1.0,0.7225,0.0,-0.000827053574765306,-0.04273530471811911,-0.2266403093353249,-11.1,64400,nan,nan,6440,1.0,0.59375,0.0,-0.002565999391981758,-0.05772460086944744,-0.25052276041177823,-16.25,257600
161,0.4447243,0.029068202,-1.4716916,-1.4716916,1620,1.0,0.765,0.0,-0.0014547346272680195,-0.03640570422434848,-0.23727778044004338,-9.4,64800,nan,nan,6480,1.0,0.645625,0.0,-0.0028216522265211113,-0.05494294140977189,-0.2514130080891369,-14.175,259200
162,0.44471458,0.029062541,-1.7925103,-1.7925103,1630,1.0,0.7175,0.0,-0.0007875523031652351,-0.04173577699695935,-0.22113842481052648,-11.3,65200,nan,nan,6520,1.0,0.62875,0.0,-0.003282650233092069,-0.059627805444738426,-0.2480440458242405,-14.85,260800
163,0.44470665,0.029043488,-2.0324636,-2.0324636,1640,1.0,0.6925,0.0,-0.0029652165315302123,-0.0458921417365044,-0.24804554296558373,-12.3,65600,nan,nan,6560,1.0,0.650625,0.0,-0.002225374191902812,-0.05415349402564348,-0.24131677800685103,-13.975,262400
164,0.4446967,0.029031537,-2.1559248,-2.1559248,1650,1.0,0.6625,0.0,-0.0010168561124728529,-0.046935137297426086,-0.24448311549072224,-13.5,66000,nan,nan,6600,1.0,0.650625,0.0,-0.002517278913895384,-0.0544286689106913,-0.2408284622407612,-13.975,264000
165,0.4446851,0.029020382,-1.5388598,-1.5388598,1660,1.0,0.7525,0.0,-0.0007909193261951633,-0.03995442118392943,-0.2470737139364956,-9.9,66400,nan,nan,6640,1.0,0.65625,0.0,-0.0027461344095896867,-0.05555379714001,-0.24029498491879858,-13.75,265600
166,0.4446769,0.029008023,-1.3834935,-1.3834935,1670,1.0,0.76,0.0,-0.001909977409785844,-0.0384197107545503,-0.23552539301791847,-9.6,66800,nan,nan,6680,1.0,0.605625,0.0,-0.002768666145003193,-0.05820936979733945,-0.2497174501736609,-15.775,267200
167,0.4446651,0.028998464,-1.4770787,-1.4770787,1680,1.0,0.7475,0.0,-0.001599279637130181,-0.04048293330116143,-0.22561275468620254,-10.1,67200,nan,nan,6720,1.0,0.6268750000000001,0.0,-0.0025870445352183078,-0.056726892691274323,-0.246502839775211,-14.925,268800
168,0.44465455,0.028981602,-1.4047766,-1.4047766,1690,1.0,0.7675,0.0,-0.0011360875495061424,-0.0392516393845605,-0.27464655320817266,-9.3,67600,nan,nan,6760,1.0,0.655,0.0,-0.0029988751643033646,-0.05304251963997766,-0.2504665573615684,-13.8,270400
169,0.4446437,0.02897224,-1.7512735,-1.7512735,1700,1.0,0.715,0.0,-0.0011511534755131534,-0.04439669740825855,-0.23414853434720553,-11.4,68000,nan,nan,6800,1.0,0.649375,0.0,-0.0027467096594194,-0.0546607176391263,-0.25273753560463963,-14.025,272000
170,0.44463277,0.028962443,-1.6506091,-1.6506091,1710,1.0,0.72,0.0,-0.0010920135372452764,-0.044033843435810516,-0.253817566657486,-11.2,68400,nan,nan,6840,1.0,0.6675000000000001,0.0,-0.0026148893129341834,-0.05341688737772865,-0.24549293347647203,-13.3,273600
171,0.44461712,0.02895843,-1.734191,-1.734191,1720,1.0,0.7325,0.0,-0.0008864492669110637,-0.043544836419266576,-0.2734471426309796,-10.7,68800,nan,nan,6880,1.0,0.6187499999999999,0.0,-0.002497957265878279,-0.058911929183430425,-0.2583860134389154,-15.25,275200
172,0.44461152,0.02894356,-1.7452652,-1.7452652,1730,1.0,0.725,0.0,-0.000988220146464978,-0.04258853396440886,-0.257297059874551,-11.0,69200,nan,nan,6920,1.0,0.640625,0.0,-0.002235639085151924,-0.055781909234180006,-0.24836714312536295,-14.375,276800
173,0.44460127,0.028931895,-1.2814546,-1.2814546,1740,1.0,0.785,0.0,-0.0005707095252126443,-0.035588931187517214,-0.2582970691599131,-8.6,69600,nan,nan,6960,1.0,0.675,0.0,-0.002285758249352944,-0.05350432231273065,-0.24494902573322624,-13.0,278400
174,0.44459248,0.02892235,-1.1209204,-1.1209204,1750,1.0,0.7875,0.0,-0.00022513636080854832,-0.03421147124586086,-0.2250579625558137,-8.5,70000,nan,nan,7000,1.0,0.659375,0.0,-0.002591757417455783,-0.05601314595832139,-0.2656566522787223,-13.625,280000
175,0.4445807,0.028912814,-2.0302258,-2.0302258,1760,1.0,0.6625,0.0,-0.0005219700392756617,-0.048667370549027394,-0.24432349778712606,-13.5,70400,nan,nan,7040,1.0,0.661875,0.0,-0.002491206467764201,-0.05367415889188569,-0.24013008936519048,-13.525,281600
176,0.44457328,0.028895758,-1.856818,-1.856818,1770,1.0,0.6975,0.0,-0.001403289541812773,-0.04660307422654964,-0.23004748514535478,-12.1,70800,nan,nan,7080,1.0,0.635,0.0,-0.002930403105760416,-0.055674096079048926,-0.23409221022346732,-14.6,283200
177,0.44456336,0.028891267,-1.8738011,-1.8738011,1780,1.0,0.7025,0.0,-0.0007050420096673814,-0.04656289857223603,-0.25165823176787383,-11.9,71200,nan,nan,7120,1.0,0.673125,0.0,-0.002249707036615741,-0.055541708548181024,-0.2479693947903045,-13.075,284800
178,0.44455755,0.02888,-1.4353942,-1.4353942,1790,1.0,0.765,0.0,-0.0005407568348538047,-0.03953001716768744,-0.26459548727040283,-9.4,71600,nan,nan,7160,1.0,0.630625,0.0,-0.0026515649744305544,-0.05846049513631588,-0.25115735046562043,-14.775,286400
179,0.44455528,0.028863125,-1.7400622,-1.7400622,1800,1.0,0.72,0.0,-0.00038708200226708264,-0.04278240007692895,-0.25833476133015737,-11.2,72000,nan,nan,7200,1.0,0.645,0.0,-0.00288682732880802,-0.05536435024704204,-0.2383486356231574,-14.2,288000
180,0.44454923,0.028846994,-1.8192295,-1.8192295,1810,1.0,0.7075,0.0,-0.0018400859673851065,-0.0472526152977704,-0.22705406984311216,-11.7,72400,nan,nan,7240,1.0,0.6799999999999999,0.0,-0.0032919847837075177,-0.05429707078711703,-0.24775300384236698,-12.8,289600
181,0.44454333,0.028834634,-1.562247,-1.562247,1820,1.0,0.735,0.0,-0.000840338759505436,-0.04299795237601474,-0.22462826921138362,-10.6,72800,nan,nan,7280,1.0,0.653125,0.0,-0.0031037245405638363,-0.05408917398262927,-0.24953280841200404,-13.875,291200
182,0.44453916,0.028823482,-1.6075844,-1.6075844,1830,1.0,0.74,0.0,-0.0006633384905075106,-0.041123737309752106,-0.25907899338805684,-10.4,73200,nan,nan,7320,1.0,0.6475,0.0,-0.0028211389275026684,-0.05493835265969804,-0.23600694065567196,-14.1,292800
183,0.4445344,0.02880959,-1.5356526,-1.5356526,1840,1.0,0.725,0.0,-0.0013889005068692588,-0.045383723065372125,-0.25849024755884165,-11.0,73600,nan,nan,7360,1.0,0.6837499999999999,0.0,-0.002560092626166843,-0.05237717657468337,-0.24337033469224645,-12.65,294400
184,0.44452417,0.028799916,-1.4223595,-1.4223595,1850,1.0,0.74,0.0,-0.0005513632128094769,-0.04131315038219375,-0.24280736439615092,-10.4,74000,nan,nan,7400,1.0,0.64,0.0,-0.0027622405001656424,-0.05928227628941287,-0.2584997359112789,-14.4,296000
185,0.44451687,0.028791899,-1.7473689,-1.7473689,1860,1.0,0.715,0.0,-0.0004829150735867671,-0.0440434744555378,-0.23761768395576777,-11.4,74400,nan,nan,7440,1.0,0.6312500000000001,0.0,-0.0030476953496740016,-0.05867535660609284,-0.25249607715661876,-14.75,297600
186,0.444512,0.028780885,-1.6206409,-1.6206409,1870,1.0,0.7225,0.0,-0.0014500800082418456,-0.04643804113997762,-0.25229483317187734,-11.1,74800,nan,nan,7480,1.0,0.6606249999999999,0.0,-0.0023871765055397108,-0.054797163642028766,-0.24451209424619597,-13.575,299200
187,0.44450462,0.02876953,-1.6015375,-1.6015375,1880,1.0,0.735,0.0,-0.001644280689525346,-0.04551349329897781,-0.27247698997389663,-10.6,75200,nan,nan,7520,1.0,0.6287499999999999,0.0,-0.0034405145122731093,-0.05942287231937575,-0.2504987340253027,-14.85,300800
188,0.44449592,0.028766058,-1.4677422,-1.4677422,1890,1.0,0.7375,0.0,-0.0005480120853679136,-0.042727283706681,-0.2225602308384658,-10.5,75600,nan,nan,7560,1.0,0.660625,0.0,-0.0026187463855249114,-0.05647999353226688,-0.26071007909998123,-13.575,302400
189,0.44449547,0.028754488,-1.0867673,-1.0867673,1900,1.0,0.795,0.0,-0.0016610926775579619,-0.038638241101910525,-0.25689390676946516,-8.2,76000,nan,nan,7600,1.0,0.635,0.0,-0.002859941232625081,-0.05819659557390165,-0.23613959060984774,-14.6,304000
190,0.4444879,0.028749742,-1.5838075,-1.5838075,1910,1.0,0.73,0.0,-0.0022674744346891334,-0.0448626685445441,-0.25963122554516693,-10.8,76400,nan,nan,7640,1.0,0.649375,0.0,-0.002811123343260973,-0.056740627813408315,-0.251765076611757,-14.025,305600
191,0.44448194,0.028740374,-1.5021691,-1.5021691,1920,1.0,0.74,0.0,-0.0015287200441515677,-0.04127483893289906,-0.24477485007264346,-10.4,76800,nan,nan,7680,1.0,0.6950000000000001,0.0,-0.0024856476990613888,-0.0513017823560711,-0.23952977701915742,-12.2,307200
192,0.44447765,0.028732842,-1.3696271,-1.3696271,1930,1.0,0.745,0.0,-0.0007111951798748204,-0.040468214807046765,-0.2252742195312921,-10.2,77200,nan,nan,7720,1.0,0.634375,0.0,-0.002782682718298018,-0.05986932111085817,-0.24479022632339303,-14.625,308800
193,0.4444749,0.028716698,-2.3072462,-2.3072462,1940,1.0,0.5325,0.0,-0.0013246166980686444,-0.056102757595221764,-0.24976989819437387,-18.7,77600,nan,nan,7760,1.0,0.6712499999999999,0.0,-0.0023302625311429686,-0.051756138529901505,-0.2307132651832459,-13.15,310400
194,0.44447136,0.028712096,-1.4682564,-1.4682564,1950,1.0,0.7375,0.0,-0.0027459679286496105,-0.042785526900905924,-0.25515960781215125,-10.5,78000,nan,nan,7800,1.0,0.616875,0.0,-0.002706583811770259,-0.05973845448012096,-0.2490262182365921,-15.325,312000
195,0.44446206,0.028707953,-1.761238,-1.761238,1960,1.0,0.7,0.0,-0.0015238018503657004,-0.045735446657729675,-0.21699625197475464,-12.0,78400,nan,nan,7840,1.0,0.6375,0.0,-0.002756329645700093,-0.056914405956039714,-0.251570666106675,-14.5,313600
196,0.44445288,0.028696986,-1.4755086,-1.4755086,1970,1.0,0.75,0.0,-0.0008857976380242254,-0.040383177860140285,-0.234977085552155,-10.0,78800,nan,nan,7880,1.0,0.6975,0.0,-0.0028774223159372743,-0.05167778862472093,-0.2430508958019641,-12.1,315200
197,0.44444612,0.028690556,-1.4338108,-1.4338108,1980,1.0,0.7625,0.0,-0.0012160244528737327,-0.04571082742034289,-0.24526494960119855,-9.5,79200,nan,nan,7920,1.0,0.6675,0.0,-0.0023270082093156882,-0.055337933362327986,-0.2434968020356018,-13.3,316800
198,0.44443837,0.028685348,-1.6635214,-1.6635214,1990,1.0,0.725,0.0,-0.0005558331605234114,-0.04248215850828151,-0.25251697093513464,-11.0,79600,nan,nan,7960,1.0,0.70875,0.0,-0.002743892730198211,-0.052991460455894014,-0.24549856586653554,-11.65,318400
199,0.44443145,0.02867476,-1.168224,-1.168224,2000,1.0,0.795,0.0,-0.0022794132912730193,-0.03996211581565964,-0.2329220483691956,-8.2,80000,nan,nan,8000,1.0,0.6606249999999999,0.0,-0.0033474953397509845,-0.054503039093356055,-0.2449283353761163,-13.575,320000
200,0.44443142,0.02866348,-1.144612,-1.144612,2010,1.0,0.795,0.0,-0.0034179262284797767,-0.039437253685514595,-0.24612777054416607,-8.2,80400,nan,nan,8040,1.0,0.6793750000000001,0.0,-0.0035744936366761777,-0.056124981254810025,-0.25202464325898305,-12.825,321600
201,0.44442555,0.02865635,-1.8032955,-1.8032955,2020,1.0,0.635,0.0,-0.002506841568231882,-0.05048275295594738,-0.25839031170399385,-14.6,80800,nan,nan,8080,1.0,0.693125,0.0,-0.0033240032893375746,-0.05305555214127779,-0.2535078783884439,-12.275,323200
202,0.44442365,0.028639628,-1.1795384,-1.1795384,2030,1.0,0.7875,0.0,-0.0012042771074286815,-0.04363991393715898,-0.226070001232306,-8.5,81200,nan,nan,8120,1.0,0.6812499999999999,0.0,-0.0034603776400825687,-0.05224841791914181,-0.2358610400927997,-12.75,324800
203,0.44441935,0.028631926,-1.8472567,-1.8472567,2040,1.0,0.63,0.0,-0.0020004847044325616,-0.055401986317388886,-0.26138474503886877,-14.8,81600,nan,nan,8160,1.0,0.6824999999999999,0.0,-0.0033369048780791367,-0.055616510688269005,-0.24717223448033643,-12.7,326400
204,0.44441864,0.028626308,-1.7061843,-1.7061843,2050,1.0,0.68,0.0,-0.0011807541657884862,-0.054071413607754366,-0.23243559600352792,-12.8,82000,nan,nan,8200,1.0,0.59375,0.0,-0.003325582758713492,-0.06299765330339109,-0.24289999548382837,-16.25,328000
205,0.4444176,0.02861555,-1.8543499,-1.8543499,2060,1.0,0.6675,0.0,-0.002097277542796498,-0.05500477978439715,-0.2812700934524978,-13.3,82400,nan,nan,8240,1.0,0.648125,0.0,-0.002622089935133589,-0.056569559684547036,-0.23694199177195646,-14.075,329600
206,0.44440946,0.028613374,-1.77352,-1.77352,2070,1.0,0.6725,0.0,-0.0005029439948311928,-0.0485647483502364,-0.2626992691045131,-13.1,82800,nan,nan,8280,1.0,0.6368750000000001,0.0,-0.002649846636163816,-0.05982429417487954,-0.2604295959873553,-14.525,331200
207,0.44440857,0.028608471,-1.2841145,-1.2841145,2080,1.0,0.7725,0.0,-0.0014613214482746084,-0.04139717794480022,-0.2262368852121897,-9.1,83200,nan,nan,8320,1.0,0.6500000000000001,0.0,-0.00357851351618675,-0.05870362125962827,-0.2466530657852498,-14.0,332800
208,0.44440117,0.028610043,-1.5513593,-1.5513593,2090,1.0,0.7375,0.0,-0.003023671622976944,-0.044950790229057055,-0.23183840985714302,-10.5,83600,nan,nan,8360,1.0,0.645,0.0,-0.0027647409652374983,-0.05807161954731209,-0.2630181835606945,-14.2,334400
209,0.44440007,0.028609112,-1.4447562,-1.4447562,2100,1.0,0.7325,0.0,-0.0006483464054059572,-0.04156958285775169,-0.2424148156350653,-10.7,84000,nan,nan,8400,1.0,0.6068749999999999,0.0,-0.0031973251073350297,-0.06329035167199762,-0.2565277359310933,-15.725,336000
210,0.44439784,0.028599903,-1.4382838,-1.4382838,2110,1.0,0.7525,0.0,-0.0010673189206881627,-0.041016422102278696,-0.2450979892080949,-9.9,84400,nan,nan,8440,1.0,0.659375,0.0,-0.0027701077023522514,-0.05684653678121837,-0.2519109578608735,-13.625,337600
211,0.44439554,0.02859467,-1.3234972,-1.3234972,2120,1.0,0.7625,0.0,-0.008615346277479478,-0.04940634623006721,-0.2675454613933551,-9.5,84800,nan,nan,8480,1.0,0.68875,0.0,-0.002581231882692373,-0.05548096760214022,-0.252040041132735,-12.45,339200
212,0.4443915,0.028583797,-1.5833025,-1.5833025,2130,1.0,0.7425,0.0,-0.002964657126963677,-0.04659097007031349,-0.23923463057859073,-10.3,85200,nan,nan,8520,1.0,0.663125,0.0,-0.0026440073078452236,-0.05561464827618882,-0.25013362131267325,-13.475,340800
213,0.44438875,0.028577588,-1.4561733,-1.4561733,2140,1.0,0.7525,0.0,-0.005224679386739086,-0.047383744476705354,-0.2741582620019187,-9.9,85600,nan,nan,8560,1.0,0.67,0.0,-0.003919078220066161,-0.05707413127047304,-0.25426918808665844,-13.2,342400
214,0.44438615,0.028564824,-1.6612983,-1.6612983,2150,1.0,0.7175,0.0,-0.001972163678297853,-0.04850519777746433,-0.2645659413639123,-11.3,86000,nan,nan,8600,1.0,0.6675,0.0,-0.003678609430668824,-0.0546986933323827,-0.2402296121139121,-13.3,344000
215,0.44438615,0.02855937,-1.5375737,-1.5375737,2160,1.0,0.7325,0.0,-0.001751854443199576,-0.04609115582687136,-0.21030883246264595,-10.7,86400,nan,nan,8640,1.0,0.590625,0.0,-0.002853371110830355,-0.06147181698050321,-0.25515121560380705,-16.375,345600
216,0.44438037,0.028560618,-1.6554358,-1.6554358,2170,1.0,0.7175,0.0,-0.000663503810860339,-0.04893826698017531,-0.2659483549566157,-11.3,86800,nan,nan,8680,1.0,0.6243749999999999,0.0,-0.003601780972590434,-0.061196876260391185,-0.2552356916449171,-15.025,347200
217,0.4443754,0.0285554,-1.3150933,-1.3150933,2180,1.0,0.7675,0.0,-0.003474949042515564,-0.04491882485277168,-0.26021930358471296,-9.3,87200,nan,nan,8720,1.0,0.650625,0.0,-0.0028235463077383536,-0.05814210224998071,-0.2450956930795905,-13.975,348800
218,0.44436947,0.02855484,-1.3316774,-1.3316774,2190,1.0,0.775,0.0,-0.0017518318631757003,-0.03982913733050225,-0.23257080289705595,-9.0,87600,nan,nan,8760,1.0,0.6449999999999999,0.0,-0.003042154913668485,-0.06009947577401684,-0.2555202529548776,-14.2,350400
219,0.44436452,0.028546846,-1.2806735,-1.2806735,2200,1.0,0.7725,0.0,-0.0015798672268069053,-0.04062334264557484,-0.2318677415056639,-9.1,88000,nan,nan,8800,1.0,0.66875,0.0,-0.0032798828384788883,-0.05470675734821363,-0.23462884267720918,-13.25,352000
220,0.44435903,0.028539328,-1.423237,-1.423237,2210,1.0,0.735,0.0,-0.002260259053899012,-0.04917672881436005,-0.2430931156069838,-10.6,88400,nan,nan,8840,1.0,0.6599999999999999,0.0,-0.00345528082817874,-0.055965983225341374,-0.251256324329004,-13.6,353600
221,0.44435927,0.028526353,-1.6962947,-1.6962947,2220,1.0,0.705,0.0,-0.0015340128064026811,-0.04940914711297609,-0.2554404846609655,-11.8,88800,nan,nan,8880,1.0,0.66375,0.0,-0.0035753315457620885,-0.05689541837739594,-0.23575000363031373,-13.45,355200
222,0.44435766,0.02851575,-1.368698,-1.368698,2230,1.0,0.755,0.0,-0.002511438402409174,-0.044597730065621975,-0.2654305787733629,-9.8,89200,nan,nan,8920,1.0,0.6162500000000001,0.0,-0.0033312516398260037,-0.05893386473740554,-0.2423734163736358,-15.35,356800
223,0.44435236,0.028507955,-1.3056576,-1.3056576,2240,1.0,0.7675,0.0,-0.001622257394177812,-0.04398827973200491,-0.2732916646296321,-9.3,89600,nan,nan,8960,1.0,0.6956249999999999,0.0,-0.0033394065103966287,-0.053536114941820534,-0.239998528452874,-12.175,358400
224,0.4443513,0.028494382,-0.96761954,-0.96761954,2250,1.0,0.8125,0.0,-0.004360872605214832,-0.043760675229885894,-0.2525231241806143,-7.5,90000,nan,nan,9000,1.0,0.704375,0.0,-0.0037524385387224047,-0.05330004605847213,-0.23674912213773855,-11.825,360000
225,0.44434604,0.028484995,-1.2210771,-1.2210771,2260,1.0,0.77,0.0,-0.004658028818078313,-0.04522174150160516,-0.26372453830124204,-9.2,90400,nan,nan,9040,1.0,0.7025,0.0,-0.002817787873787209,-0.05361889287310582,-0.24058619237107698,-11.9,361600
226,0.44434062,0.028486282,-1.4652069,-1.4652069,2270,1.0,0.715,0.0,-0.0023122201687503265,-0.04651718496670474,-0.24977424810574952,-11.4,90800,nan,nan,9080,1.0,0.618125,0.0,-0.0026788784086711286,-0.061321540442034986,-0.2581645423243043,-15.275,363200
227,0.444338,0.028485065,-1.6101925,-1.6101925,2280,1.0,0.7,0.0,-0.0009212261315443803,-0.04650109441408289,-0.26435157710803164,-12.0,91200,nan,nan,9120,1.0,0.6331249999999999,0.0,-0.0027288860849485575,-0.06027834109535409,-0.24885660993070574,-14.675,364800
228,0.4443356,0.02847998,-1.6887255,-1.6887255,2290,1.0,0.6975,0.0,-0.0024181479930341153,-0.04686104988451268,-0.23656260538934568,-12.1,91600,nan,nan,9160,1.0,0.6581250000000001,0.0,-0.0027172812051221976,-0.058075517820598464,-0.2630291928635005,-13.675,366400
229,0.4443352,0.028475888,-1.7670662,-1.7670662,2300,1.0,0.69,0.0,-0.001221361456293443,-0.050319224396512846,-0.2530562030024246,-12.4,92000,nan,nan,9200,1.0,0.636875,0.0,-0.003055576137103105,-0.05968519214045927,-0.25230136310959983,-14.525,368000
230,0.44433057,0.028468238,-1.4986835,-1.4986835,2310,1.0,0.7375,0.0,-0.0032007630640299984,-0.04643013991022887,-0.2593495582175773,-10.5,92400,nan,nan,9240,1.0,0.69125,0.0,-0.0031664686863655477,-0.05523359705781923,-0.2456973435587743,-12.35,369600
231,0.44432747,0.028458001,-1.5144926,-1.5144926,2320,1.0,0.745,0.0,-0.002037724357276837,-0.04418720756850581,-0.24417295584844273,-10.2,92800,nan,nan,9280,1.0,0.684375,0.0,-0.002914428878470764,-0.056476255173506296,-0.24463147091453763,-12.625,371200
232,0.44432425,0.028452607,-1.2983209,-1.2983209,2330,1.0,0.7675,0.0,-0.0031231132480510847,-0.04012792907102902,-0.2492334729520814,-9.3,93200,nan,nan,9320,1.0,0.67125,0.0,-0.0029343409624362177,-0.05648846177120918,-0.23495115224950808,-13.15,372800
233,0.44432175,0.028447853,-1.3165191,-1.3165191,2340,1.0,0.75,0.0,-0.0015439753405961701,-0.0441149760935914,-0.2265217198038557,-10.0,93600,nan,nan,9360,1.0,0.6725000000000001,0.0,-0.0032411112854311397,-0.056833429130163426,-0.24840924590498825,-13.1,374400
234,0.44431958,0.028441587,-1.3754376,-1.3754376,2350,1.0,0.745,0.0,-0.002038832872051109,-0.04802410844282535,-0.23245081502949244,-10.2,94000,nan,nan,9400,1.0,0.6487499999999999,0.0,-0.003002262259334456,-0.057947494666908905,-0.2431002650768454,-14.05,376000
235,0.4443172,0.028431872,-1.4024515,-1.4024515,2360,1.0,0.7575,0.0,-0.002215584239557246,-0.043856014335063066,-0.23625422361234374,-9.7,94400,nan,nan,9440,1.0,0.696875,0.0,-0.0018952080204103644,-0.053115241127160207,-0.2503275230940581,-12.125,377600
236,0.44431624,0.028426908,-1.0866773,-1.0866773,2370,1.0,0.79,0.0,-0.0030232270156719497,-0.04021307823390449,-0.22785549859742682,-8.4,94800,nan,nan,9480,1.0,0.623125,0.0,-0.002337747835579498,-0.05940687387914697,-0.23616402843539208,-15.075,379200
237,0.4443151,0.028426008,-1.3784032,-1.3784032,2380,1.0,0.74,0.0,-0.00047447333671348717,-0.04284383900526473,-0.2430226252369766,-10.4,95200,nan,nan,9520,1.0,0.6568750000000001,0.0,-0.003043258256140535,-0.0607077406265585,-0.2468292214056785,-13.725,380800
238,0.44431177,0.028416952,-1.3011491,-1.3011491,2390,1.0,0.76,0.0,-0.0013622047924698043,-0.04452703030548972,-0.2432933420295312,-9.6,95600,nan,nan,9560,1.0,0.665,0.0,-0.0021369240827725107,-0.05769302940566847,-0.24022277364567465,-13.4,382400
239,0.4443114,0.02840704,-1.7522382,-1.7522382,2400,1.0,0.7025,0.0,-0.002482955897008162,-0.05209969913176088,-0.2571620604869163,-11.9,96000,nan,nan,9600,1.0,0.6693749999999999,0.0,-0.0032036781478126186,-0.05586241229757175,-0.24804303963829008,-13.225,384000
240,0.444308,0.028397014,-1.485655,-1.485655,2410,1.0,0.745,0.0,-0.0033812687110386795,-0.04719683685719907,-0.24055788653029753,-10.2,96400,nan,nan,9640,1.0,0.6681250000000001,0.0,-0.0026479284793835796,-0.05573241594936333,-0.23603607848623737,-13.275,385600
241,0.44430342,0.0283928,-1.5136982,-1.5136982,2420,1.0,0.735,0.0,-0.0022379795181823162,-0.04788673898763033,-0.223581779754725,-10.6,96800,nan,nan,9680,1.0,0.6668750000000001,0.0,-0.0036471799602988708,-0.060005459808397464,-0.2601185818927814,-13.325,387200
242,0.44430557,0.028385691,-1.1895252,-1.1895252,2430,1.0,0.775,0.0,-0.0014080771705963432,-0.042930032031851265,-0.24306420325504274,-9.0,97200,nan,nan,9720,1.0,0.6625000000000001,0.0,-0.003271975197759393,-0.05904293062199552,-0.25001781133532786,-13.5,388800
243,0.44430256,0.028380813,-1.3225206,-1.3225206,2440,1.0,0.76,0.0,-0.0019207024269064766,-0.0526096599622656,-0.25754499193111197,-9.6,97600,nan,nan,9760,1.0,0.69,0.0,-0.0034402421876409974,-0.056825395700881055,-0.23447669374566532,-12.4,390400
244,0.44430315,0.028371865,-1.4983402,-1.4983402,2450,1.0,0.7175,0.0,-0.0036601149135954314,-0.05013087795477155,-0.23556997236249727,-11.3,98000,nan,nan,9800,1.0,0.64375,0.0,-0.003739451817910358,-0.05970678492041572,-0.24979616839735233,-14.25,392000
245,0.44429946,0.028369239,-1.277754,-1.277754,2460,1.0,0.7625,0.0,-0.0015710653908922797,-0.04759442764611105,-0.2618401014344034,-9.5,98400,nan,nan,9840,1.0,0.676875,0.0,-0.0035967771652731053,-0.05589495419683099,-0.24983794820575067,-12.925,393600
246,0.4442954,0.028365506,-1.3275101,-1.3275101,2470,1.0,0.7675,0.0,-0.0047326555325456175,-0.04891638601581527,-0.2521265632048697,-9.3,98800,nan,nan,9880,1.0,0.653125,0.0,-0.002515778909574127,-0.05883651881214598,-0.24705995436160774,-13.875,395200
247,0.44429645,0.028358096,-1.1052582,-1.1052582,2480,1.0,0.795,0.0,-0.002767042284287406,-0.04762137278343328,-0.26857695803297377,-8.2,99200,nan,nan,9920,1.0,0.676875,0.0,-0.003583595539606777,-0.05653792011286836,-0.24029260441712955,-12.925,396800
248,0.44429135,0.028358512,-1.2061249,-1.2061249,2490,1.0,0.7725,0.0,-0.0006055121417094489,-0.0449978003246815,-0.24938606860421283,-9.1,99600,nan,nan,9960,1.0,0.6806249999999999,0.0,-0.002823863653411641,-0.05655431000197121,-0.24618378861729245,-12.775,398400
249,0.44429,0.028350106,-0.99398917,-0.99398917,2500,1.0,0.8025,0.0,-0.0024952607211552943,-0.043977865027921934,-0.27506175681578116,-7.9,100000,nan,nan,10000,1.0,0.675,0.0,-0.002834289254329385,-0.05543825183465416,-0.24871219573709652,-13.0,400000
250,0.44428742,0.028340632,-0.9163382,-0.9163382,2510,1.0,0.81,0.0,-0.004599643836093399,-0.042061911651920296,-0.25133225076576543,-7.6,100400,nan,nan,10040,1.0,0.6912499999999999,0.0,-0.003685988301075098,-0.05513487959980921,-0.24686017287343504,-12.35,401600
251,0.4442881,0.028331531,-1.2707638,-1.2707638,2520,1.0,0.755,0.0,-0.0015854082082615295,-0.048960368215830635,-0.2534772075152892,-9.8,100800,nan,nan,10080,1.0,0.6575,0.0,-0.0023744693651033114,-0.057143361074285436,-0.23990420951724872,-13.7,403200
252,0.44428352,0.028326184,-0.9923429,-0.9923429,2530,1.0,0.805,0.0,-0.0013738366235164668,-0.03861908047408254,-0.2655286142619423,-7.8,101200,nan,nan,10120,1.0,0.676875,0.0,-0.0028564511108561453,-0.05367910144190076,-0.24461588293329545,-12.925,404800
253,0.44428146,0.028320938,-1.1931503,-1.1931503,2540,1.0,0.76,0.0,-0.004128931210669601,-0.049831865752289914,-0.2340969893567031,-9.6,101600,nan,nan,10160,1.0,0.644375,0.0,-0.00414916196191562,-0.05851033644600847,-0.23857187295719204,-14.225,406400
254,0.4442831,0.028318532,-1.3568795,-1.3568795,2550,1.0,0.73,0.0,-0.0019183388308891393,-0.05141665490591579,-0.2366955471468531,-10.8,102000,nan,nan,10200,1.0,0.614375,0.0,-0.0034619452603969433,-0.0610830383787432,-0.24957381054346467,-15.425,408000
255,0.44427732,0.028313158,-1.2249392,-1.2249392,2560,1.0,0.7625,0.0,-0.0038889461373754312,-0.049920099320499504,-0.23724745333316175,-9.5,102400,nan,nan,10240,1.0,0.700625,0.0,-0.0030659296146621543,-0.05312159442202173,-0.2530275049057079,-11.975,409600
256,0.4442767,0.028304286,-1.3376927,-1.3376927,2570,1.0,0.7375,0.0,-0.0025943903418956635,-0.054068469686188635,-0.24968506417945593,-10.5,102800,nan,nan,10280,1.0,0.66875,0.0,-0.0023015463476989484,-0.055106710409351965,-0.230901419929837,-13.25,411200
257,0.44427693,0.028301762,-1.1396668,-1.1396668,2580,1.0,0.75,0.0,-0.004111556892192282,-0.04624471685593754,-0.24536563479222515,-10.0,103200,nan,nan,10320,1.0,0.62625,0.0,-0.00386329795489442,-0.06185813467737987,-0.26389768926455714,-14.95,412800
258,0.44427168,0.028298205,-1.0054808,-1.0054808,2590,1.0,0.7975,0.0,-0.0013579170682887917,-0.03983301602115973,-0.2440243822140158,-8.1,103600,nan,nan,10360,1.0,0.6806249999999999,0.0,-0.0024580431452543945,-0.055586323419222226,-0.24899583670336595,-12.775,414400
259,0.44426572,0.02829122,-1.4238803,-1.4238803,2600,1.0,0.71,0.0,-0.002002864931107236,-0.04851401969538832,-0.23420244862072823,-11.6,104000,nan,nan,10400,1.0,0.678125,0.0,-0.002922404654184327,-0.055449939454050676,-0.24562062512475685,-12.875,416000
260,0.44426572,0.028281411,-1.0191758,-1.0191758,2610,1.0,0.7875,0.0,-0.0013678986226670947,-0.04021754106629261,-0.24530673183416052,-8.5,104400,nan,nan,10440,1.0,0.690625,0.0,-0.0037161240384919747,-0.05510692080746963,-0.2427338019968021,-12.375,417600
261,0.44426215,0.028278692,-1.0989747,-1.0989747,2620,1.0,0.78,0.0,-0.0007304632470952933,-0.03679229221503251,-0.23814087867348582,-8.8,104800,nan,nan,10480,1.0,0.645625,0.0,-0.0029108819568888084,-0.058129510322507974,-0.2554977401083164,-14.175,419200
262,0.44426373,0.028273968,-1.4095426,-1.4095426,2630,1.0,0.745,0.0,-0.002445792172467836,-0.0495490842931295,-0.2763415659250837,-10.2,105200,nan,nan,10520,1.0,0.66875,0.0,-0.0029175251639788186,-0.05680694394973553,-0.24964886105536102,-13.25,420800
263,0.44426212,0.028268864,-1.2302492,-1.2302492,2640,1.0,0.765,0.0,-0.0019875911900534035,-0.04897693797536332,-0.24480561621686348,-9.4,105600,nan,nan,10560,1.0,0.6575,0.0,-0.0035941088038242094,-0.057532438773256644,-0.25256776777138734,-13.7,422400
264,0.44426098,0.028262252,-1.179202,-1.179202,2650,1.0,0.7675,0.0,-0.0025567412266286494,-0.039974323354950686,-0.25283992040228276,-9.3,106000,nan,nan,10600,1.0,0.669375,0.0,-0.002832569875747963,-0.05552205901815194,-0.24809950818989673,-13.225,424000
265,0.44425985,0.028261296,-1.277927,-1.277927,2660,1.0,0.765,0.0,-0.0017528479760400993,-0.0466565760637529,-0.26016071230768345,-9.4,106400,nan,nan,10640,1.0,0.658125,0.0,-0.0034671314947470355,-0.05568657966803782,-0.2507399760399771,-13.675,425600
266,0.44425723,0.028253287,-1.4026425,-1.4026425,2670,1.0,0.7425,0.0,-0.00437147168235003,-0.04583969382068741,-0.2314063040673579,-10.3,106800,nan,nan,10680,1.0,0.63125,0.0,-0.0028889341350769745,-0.05649980533931803,-0.24081114539480786,-14.75,427200
267,0.44425014,0.028262394,-1.2202028,-1.2202028,2680,1.0,0.7475,0.0,-0.002339899357072304,-0.04894184588594268,-0.21940321303115873,-10.1,107200,nan,nan,10720,1.0,0.665625,0.0,-0.0031996933653871003,-0.06183762862992277,-0.2707176648968309,-13.375,428800
268,0.4442481,0.028251886,-1.5475007,-1.5475007,2690,1.0,0.7125,0.0,-0.0012938803705204672,-0.054521651793037446,-0.2250493349737534,-11.5,107600,nan,nan,10760,1.0,0.724375,0.0,-0.00304555183407087,-0.051184368919155454,-0.23561296498049975,-11.025,430400
269,0.44424495,0.028246857,-1.0448931,-1.0448931,2700,1.0,0.7925,0.0,-0.0019113911684422878,-0.04191485496700718,-0.2693585351365547,-8.3,108000,nan,nan,10800,1.0,0.6699999999999998,0.0,-0.003955010041969535,-0.058525543281256406,-0.24641690412467612,-13.2,432000
270,0.44424298,0.028240524,-1.3536403,-1.3536403,2710,1.0,0.7525,0.0,-0.0048874433005938024,-0.05068445539029904,-0.22381667628089766,-9.9,108400,nan,nan,10840,1.0,0.66875,0.0,-0.002576487236221646,-0.055950712313385734,-0.2586146836999267,-13.25,433600
271,0.44424,0.028232941,-1.4597676,-1.4597676,2720,1.0,0.7375,0.0,-0.0014414424589367378,-0.04924556740872563,-0.22700123153609836,-10.5,108800,nan,nan,10880,1.0,0.676875,0.0,-0.002871464425658491,-0.0561070536728311,-0.24840703866088892,-12.925,435200
272,0.44423547,0.028227353,-1.1640553,-1.1640553,2730,1.0,0.78,0.0,-0.0019824608205207647,-0.04571944794647944,-0.23704394165933595,-8.8,109200,nan,nan,10920,1.0,0.6681250000000001,0.0,-0.002895059624784215,-0.05565465990737086,-0.2424946761972207,-13.275,436800
273,0.44423434,0.02822086,-1.3528377,-1.3528377,2740,1.0,0.7575,0.0,-0.0022224204322712055,-0.049093597509487615,-0.2378603314847126,-9.7,109600,nan,nan,10960,1.0,0.6693749999999999,0.0,-0.0043402827973225595,-0.059612241179201886,-0.24925952108820493,-13.225,438400
274,0.44423223,0.02821649,-1.2110213,-1.2110213,2750,1.0,0.7725,0.0,-0.0012358492319126714,-0.04822240027514175,-0.24793743903712717,-9.1,110000,nan,nan,11000,1.0,0.681875,0.0,-0.002844227658744719,-0.05788443046099452,-0.26281503170643383,-12.725,440000
275,0.4442316,0.028211733,-1.2281091,-1.2281091,2760,1.0,0.7775,0.0,-0.004650787175310738,-0.04862884235506149,-0.24945900585294697,-8.9,110400,nan,nan,11040,1.0,0.665625,0.0,-0.003888596462081969,-0.057086026292076285,-0.2480110097419705,-13.375,441600
276,0.44422832,0.028211387,-1.6175361,-1.6175361,2770,1.0,0.6975,0.0,-0.002321209214530491,-0.051539994850293896,-0.26203560704162493,-12.1,110800,nan,nan,11080,1.0,0.6024999999999999,0.0,-0.004045713643264945,-0.06303090004027409,-0.25845109073380695,-15.9,443200
277,0.44422722,0.028211303,-1.3786521,-1.3786521,2780,1.0,0.7125,0.0,-0.001750957424632562,-0.044481817342304185,-0.26607240580668157,-11.5,111200,nan,nan,11120,1.0,0.620625,0.0,-0.00478689473211522,-0.06381920374533659,-0.2574328945097437,-15.175,444800
278,0.44422784,0.028202817,-1.1392592,-1.1392592,2790,1.0,0.77,0.0,-0.002029681416911633,-0.047614840840767884,-0.22827385227571617,-9.2,111600,nan,nan,11160,1.0,0.661875,0.0,-0.0026941349852183613,-0.05610202011853198,-0.2416902720449574,-13.525,446400
279,0.44422507,0.028203556,-1.1711805,-1.1711805,2800,1.0,0.7775,0.0,-0.001921694925240655,-0.04523974983796991,-0.21611515276706753,-8.9,112000,nan,nan,11200,1.0,0.654375,0.0,-0.00270566294226409,-0.0581648122939951,-0.2619174462950681,-13.825,448000
280,0.44422302,0.028195722,-1.1607784,-1.1607784,2810,1.0,0.775,0.0,-0.0012464816811206245,-0.04487901132981349,-0.24774600071293898,-9.0,112400,nan,nan,11240,1.0,0.691875,0.0,-0.003969680686331031,-0.05745936770246283,-0.24590472076512215,-12.325,449600
281,0.44421718,0.028197162,-1.207529,-1.207529,2820,1.0,0.7825,0.0,-0.008325406133141318,-0.050858819987610035,-0.23664141458745644,-8.7,112800,nan,nan,11280,1.0,0.670625,0.0,-0.0026879964852541847,-0.05891699729031622,-0.25501270952460225,-13.175,451200
282,0.444216,0.028189138,-0.99851125,-0.99851125,2830,1.0,0.8,0.0,-0.004454230012794872,-0.0447373006605525,-0.22459546090149116,-8.0,113200,nan,nan,11320,1.0,0.7,0.0,-0.002828064241352449,-0.055900503449332964,-0.25323921612719436,-12.0,452800
283,0.4442161,0.028185861,-1.0880313,-1.0880313,2840,1.0,0.7975,0.0,-0.005960743589130715,-0.04528702923790297,-0.2641322481830939,-8.1,113600,nan,nan,11360,1.0,0.66875,0.0,-0.0038797028676402284,-0.058487986645201676,-0.25215417478739804,-13.25,454400
284,0.4442136,0.028181216,-1.0995756,-1.0995756,2850,1.0,0.775,0.0,-0.003892970325355469,-0.04397687735206866,-0.2199446925008743,-9.0,114000,nan,nan,11400,1.0,0.6962499999999999,0.0,-0.0026572542160388304,-0.054196400097406026,-0.23676230337868417,-12.15,456000
285,0.4442123,0.028177008,-0.9726445,-0.9726445,2860,1.0,0.8125,0.0,-0.001993984588727489,-0.04205033647220395,-0.27505771795789224,-7.5,114400,nan,nan,11440,1.0,0.69625,0.0,-0.0026685152287401993,-0.053270843968037454,-0.2402809424013325,-12.15,457600
286,0.44421172,0.02817198,-1.0172778,-1.0172778,2870,1.0,0.8,0.0,-0.0017418850823593447,-0.042892642253255724,-0.23125387904617054,-8.0,114800,nan,nan,11480,1.0,0.7125,0.0,-0.0024695933841400956,-0.05242842425133223,-0.2437757207496066,-11.5,459200
287,0.4442083,0.0281721,-1.1322546,-1.1322546,2880,1.0,0.7775,0.0,-0.0023470305554436103,-0.04609973620695809,-0.24423021135987372,-8.9,115200,nan,nan,11520,1.0,0.67,0.0,-0.003033842772753377,-0.058228712836693286,-0.26166678851541614,-13.2,460800
288,0.4442104,0.028162017,-1.3818653,-1.3818653,2890,1.0,0.7275,0.0,-0.004285346110632217,-0.05298866405808398,-0.25182043654837505,-10.9,115600,nan,nan,11560,1.0,0.68625,0.0,-0.003242410418185538,-0.05421369809463017,-0.23527177887251477,-12.55,462400
289,0.44420722,0.028161176,-1.421795,-1.421795,2900,1.0,0.72,0.0,-0.004624327668199798,-0.052342440123541174,-0.23598449387923812,-11.2,116000,nan,nan,11600,1.0,0.6406250000000001,0.0,-0.004832571473819516,-0.062002005534030694,-0.257462765149287,-14.375,464000
290,0.4442073,0.02815782,-1.612187,-1.612187,2910,1.0,0.7025,0.0,-0.002592670353137425,-0.05288094295757612,-0.24408012861762016,-11.9,116400,nan,nan,11640,1.0,0.670625,0.0,-0.0031280054806317632,-0.05826905396558222,-0.2445454623017505,-13.175,465600
291,0.44420823,0.028151562,-1.2954402,-1.2954402,2920,1.0,0.7475,0.0,-0.000678188549932193,-0.045664975001101525,-0.25772733031120987,-10.1,116800,nan,nan,11680,1.0,0.658125,0.0,-0.003131324409261347,-0.05664315601671392,-0.23357330026845907,-13.675,467200
292,0.44420674,0.028143646,-1.1242098,-1.1242098,2930,1.0,0.7775,0.0,-0.0011445310730028371,-0.05095824162688808,-0.23551241983029192,-8.9,117200,nan,nan,11720,1.0,0.6562500000000001,0.0,-0.0026375600718877607,-0.05759929690953466,-0.2470252699759389,-13.75,468800
293,0.44420698,0.028140785,-1.2509291,-1.2509291,2940,1.0,0.7675,0.0,-0.007242152986357781,-0.05085946816476163,-0.25680890135153406,-9.3,117600,nan,nan,11760,1.0,0.701875,0.0,-0.003382605434545201,-0.05535298364168219,-0.2652448138835602,-11.925,470400
294,0.4442016,0.02813518,-1.3448454,-1.3448454,2950,1.0,0.7475,0.0,-0.004007923641062588,-0.05288110972645944,-0.23494613327446043,-10.1,118000,nan,nan,11800,1.0,0.70625,0.0,-0.003005308764552081,-0.05382347005088357,-0.24930339078785307,-11.75,472000
295,0.444201,0.028131938,-1.1989785,-1.1989785,2960,1.0,0.7575,0.0,-0.0061570524049567995,-0.04834947831945532,-0.24446853963659185,-9.7,118400,nan,nan,11840,1.0,0.66125,0.0,-0.003563421173466727,-0.059116465425878215,-0.26237312228713583,-13.55,473600
296,0.44420254,0.028123176,-1.1873231,-1.1873231,2970,1.0,0.7425,0.0,-0.00447888183043818,-0.04608051949402527,-0.2425603552136898,-10.3,118800,nan,nan,11880,1.0,0.65,0.0,-0.003582012072615983,-0.05750058224521254,-0.24083537055398824,-14.0,475200
297,0.44420114,0.02811917,-1.4053699,-1.4053699,2980,1.0,0.725,0.0,-0.0008819019970747606,-0.050271976150038984,-0.25857705809705717,-11.0,119200,nan,nan,11920,1.0,0.6556249999999999,0.0,-0.0033403501185212464,-0.059674288290178915,-0.25501282663535013,-13.775,476800
298,0.4442017,0.028115466,-1.0212474,-1.0212474,2990,1.0,0.8025,0.0,-0.012028607681901168,-0.049856014163207084,-0.22558019919302777,-7.9,119600,nan,nan,11960,1.0,0.63125,0.0,-0.0037832745355625523,-0.06075570509600905,-0.23773045704250634,-14.75,478400
299,0.4442043,0.028112581,-1.8078241,-1.8078241,3000,1.0,0.6275,0.0,-0.004139261502116414,-0.054699886778290185,-0.23663058247476426,-14.9,120000,nan,nan,12000,1.0,0.59375,0.0,-0.003711529835006127,-0.06281582722822796,-0.2510668891478727,-16.25,480000
300,0.44420433,0.028116532,-1.5666106,-1.5666106,3010,1.0,0.7075,0.0,-0.0027968097378462354,-0.047766130908739025,-0.26480725733429844,-11.7,120400,nan,nan,12040,1.0,0.61125,0.0,-0.003290261856563196,-0.06354881855333498,-0.25624105216486753,-15.55,481600
301,0.4442041,0.028111145,-1.3312428,-1.3312428,3020,1.0,0.74,0.0,-0.0029642464117844314,-0.04526888420959004,-0.2730691106394466,-10.4,120800,nan,nan,12080,1.0,0.615625,0.0,-0.003854695499454682,-0.060312102746576855,-0.2504773653906606,-15.375,483200
302,0.44420302,0.028106956,-1.4322017,-1.4322017,3030,1.0,0.725,0.0,-0.01051573481357084,-0.05105810415053554,-0.2519036075966735,-11.0,121200,nan,nan,12120,1.0,0.663125,0.0,-0.0032555960935345004,-0.05729991451302959,-0.2488695082649251,-13.475,484800
303,0.44420472,0.0280993,-1.4021161,-1.4021161,3040,1.0,0.7325,0.0,-0.002852382050815535,-0.044233463145188355,-0.2236428354383983,-10.7,121600,nan,nan,12160,1.0,0.6506250000000001,0.0,-0.004270153550165246,-0.05828111300566724,-0.2403545706025474,-13.975,486400
304,0.44420385,0.028098518,-1.1966136,-1.1966136,3050,1.0,0.77,0.0,-0.004108673101982156,-0.04366236564530978,-0.2265300384310239,-9.2,122000,nan,nan,12200,1.0,0.62375,0.0,-0.0038313048746877213,-0.06317707945458144,-0.25287078403272795,-15.05,488000
305,0.44420195,0.028093278,-1.217051,-1.217051,3060,1.0,0.7575,0.0,-0.003703852198859111,-0.048708625791418506,-0.24731476654830223,-9.7,122400,nan,nan,12240,1.0,0.7,0.0,-0.002368507176834342,-0.05517690092477329,-0.2474178222200008,-12.0,489600
306,0.44420072,0.028083853,-0.98418754,-0.98418754,3070,1.0,0.805,0.0,-0.004223822439648148,-0.04691196070091943,-0.2364109032126116,-7.8,122800,nan,nan,12280,1.0,0.690625,0.0,-0.003353314067937936,-0.05531342776316252,-0.24251814729842117,-12.375,491200
307,0.44420195,0.02808246,-1.0982894,-1.0982894,3080,1.0,0.7825,0.0,-0.0015559435421952763,-0.04486365851641692,-0.2332970253020245,-8.7,123200,nan,nan,12320,1.0,0.68875,0.0,-0.003293600040995727,-0.05809901681840522,-0.2607886007024892,-12.45,492800
308,0.4441987,0.028073302,-1.2836956,-1.2836956,3090,1.0,0.765,0.0,-0.005312250832843854,-0.045089986976325956,-0.23705936258259225,-9.4,123600,nan,nan,12360,1.0,0.705625,0.0,-0.0038960138957215445,-0.05376457194733332,-0.24019300494902454,-11.775,494400
309,0.44419944,0.028064685,-1.0272205,-1.0272205,3100,1.0,0.8,0.0,-0.0037838143813728837,-0.048355143973044884,-0.2635889639505409,-8.0,124000,nan,nan,12400,1.0,0.693125,0.0,-0.003732274081154046,-0.05636887780965827,-0.24303997181448578,-12.275,496000
310,0.44419882,0.028063169,-1.5946242,-1.5946242,3110,1.0,0.7075,0.0,-0.0018277296010062011,-0.05749305593111997,-0.25721996702421757,-11.7,124400,nan,nan,12440,1.0,0.681875,0.0,-0.0034888506784623873,-0.05664987586380517,-0.25058615803662654,-12.725,497600
311,0.44419527,0.02805812,-1.5447628,-1.5447628,3120,1.0,0.7075,0.0,-0.0014295550628020677,-0.058142231494289535,-0.25957456399693035,-11.7,124800,nan,nan,12480,1.0,0.6993750000000001,0.0,-0.0037644604855004288,-0.05812785287643067,-0.2690679612160893,-12.025,499200
312,0.44419274,0.028060714,-1.2874544,-1.2874544,3130,1.0,0.7575,0.0,-0.0012881283806722035,-0.050885755693396734,-0.25541719598094015,-9.7,125200,nan,nan,12520,1.0,0.6725,0.0,-0.004009717295984113,-0.059031984343817644,-0.25552022015236114,-13.1,500800
313,0.44419268,0.028054526,-1.1608472,-1.1608472,3140,1.0,0.7625,0.0,-0.0014045128258040945,-0.044284802525780195,-0.2585187760755137,-9.5,125600,nan,nan,12560,1.0,0.67125,0.0,-0.0031828194503522233,-0.059004140446096975,-0.2303475384379717,-13.15,502400
314,0.44419184,0.028048225,-1.055522,-1.055522,3150,1.0,0.785,0.0,-0.0037845703187758995,-0.05176640503177487,-0.27113829963774216,-8.6,126000,nan,nan,12600,1.0,0.675,0.0,-0.0038466886674121117,-0.05764147204393773,-0.2569902265138509,-13.0,504000
315,0.4441916,0.028045475,-1.2651242,-1.2651242,3160,1.0,0.75,0.0,-0.003650947578971914,-0.05159536527867456,-0.2632356638764625,-10.0,126400,nan,nan,12640,1.0,0.6568750000000001,0.0,-0.003632254825275253,-0.058140727699920035,-0.24694296676604882,-13.725,505600
316,0.44418788,0.028047016,-1.2507485,-1.2507485,3170,1.0,0.7525,0.0,-0.0028903967139624637,-0.04989593452661767,-0.24902818900021978,-9.9,126800,nan,nan,12680,1.0,0.67375,0.0,-0.0030001395159558932,-0.05564021281489838,-0.2524955643600849,-13.05,507200
317,0.44418505,0.028044596,-1.2380182,-1.2380182,3180,1.0,0.7625,0.0,-0.0038189177169399096,-0.047799389220088286,-0.2455108349249943,-9.5,127200,nan,nan,12720,1.0,0.66875,0.0,-0.004320189231033534,-0.058760657986844114,-0.24998492714349138,-13.25,508800
318,0.44418374,0.028040325,-1.1199135,-1.1199135,3190,1.0,0.7775,0.0,-0.0021387235584585346,-0.041585055745542665,-0.22177297469197974,-8.9,127600,nan,nan,12760,1.0,0.6881250000000001,0.0,-0.0036654604969457313,-0.05870974436904175,-0.24095139678860802,-12.475,510400
319,0.44418502,0.028040653,-1.3165598,-1.3165598,3200,1.0,0.75,0.0,-0.002554095992579666,-0.04638442835831567,-0.23619413284043592,-10.0,128000,nan,nan,12800,1.0,0.629375,0.0,-0.0031496741432283162,-0.060515451176014215,-0.2653215631208436,-14.825,512000
320,0.44418493,0.028039468,-1.2056806,-1.2056806,3210,1.0,0.75,0.0,-0.0021016723290912718,-0.04926524440595426,-0.24554941228319807,-10.0,128400,nan,nan,12840,1.0,0.69875,0.0,-0.003529161273642583,-0.05551021255618501,-0.2460228187980566,-12.05,513600
321,0.44418502,0.028034708,-1.0947447,-1.0947447,3220,1.0,0.7825,0.0,-0.006827840845613123,-0.04831070243426144,-0.2398328042589021,-8.7,128800,nan,nan,12880,1.0,0.6749999999999999,0.0,-0.0030902141082586334,-0.058594450550883456,-0.25149118560115935,-13.0,515200
322,0.44418576,0.028028563,-1.0283365,-1.0283365,3230,1.0,0.795,0.0,-0.003931316567198482,-0.04853876637314682,-0.2648082786052126,-8.2,129200,nan,nan,12920,1.0,0.7000000000000001,0.0,-0.0037435659013432656,-0.056288303980792445,-0.2583966829103555,-12.0,516800
323,0.4441847,0.02802632,-1.3046614,-1.3046614,3240,1.0,0.7425,0.0,-0.002951942447577458,-0.05134906687967208,-0.24287077074222949,-10.3,129600,nan,nan,12960,1.0,0.639375,0.0,-0.003794889734909725,-0.06096353353954914,-0.2419779147586471,-14.425,518400
324,0.44418427,0.028021453,-1.3334913,-1.3334913,3250,1.0,0.735,0.0,-0.0034048444035239514,-0.04755483250171974,-0.27841996771344546,-10.6,130000,nan,nan,13000,1.0,0.6581250000000001,0.0,-0.0025692962191987017,-0.05678994880220607,-0.24899037352015468,-13.675,520000
325,0.4441831,0.028019024,-0.9970893,-0.9970893,3260,1.0,0.7975,0.0,-0.007523027417436841,-0.04592327954872585,-0.2506440556474008,-8.1,130400,nan,nan,13040,1.0,0.6562500000000001,0.0,-0.002990499245725443,-0.058744607358292934,-0.24075842294430477,-13.75,521600
326,0.44418237,0.028010616,-1.5550635,-1.5550635,3270,1.0,0.71,0.0,-0.00256674861349399,-0.053507111547782295,-0.25203678965830517,-11.6,130800,nan,nan,13080,1.0,0.693125,0.0,-0.0033381371445845498,-0.05562826418969047,-0.24140430395321374,-12.275,523200
327,0.4441788,0.02800662,-1.013188,-1.013188,3280,1.0,0.805,0.0,-0.0018880464997254533,-0.03923613106758368,-0.22993931987768101,-7.8,131200,nan,nan,13120,1.0,0.703125,0.0,-0.002319358205280263,-0.05552738681220108,-0.2534113033285378,-11.875,524800
328,0.4441787,0.028000405,-1.1481502,-1.1481502,3290,1.0,0.78,0.0,-0.0017612917133779495,-0.045081287973481245,-0.24265634965096036,-8.8,131600,nan,nan,13160,1.0,0.7012499999999999,0.0,-0.0038303232124490376,-0.055378698631528465,-0.25015772371271694,-11.95,526400
329,0.4441788,0.027996695,-1.4513937,-1.4513937,3300,1.0,0.7325,0.0,-0.00542346848287885,-0.05199394144912366,-0.2520825893798803,-10.7,132000,nan,nan,13200,1.0,0.685,0.0,-0.0025748198460128456,-0.05601831373308157,-0.252718587235067,-12.6,528000
330,0.4441782,0.027994001,-1.0430447,-1.0430447,3310,1.0,0.795,0.0,-0.0012892353881525415,-0.039723742057009605,-0.23207404359910316,-8.2,132400,nan,nan,13240,1.0,0.653125,0.0,-0.0035964994751130747,-0.05970543049118091,-0.2423634333370745,-13.875,529600
331,0.44417667,0.027991513,-1.0553284,-1.0553284,3320,1.0,0.795,0.0,-0.002137375329553085,-0.044240367257072304,-0.2578978766433213,-8.2,132800,nan,nan,13280,1.0,0.6837500000000001,0.0,-0.004001503732779712,-0.05814750810795623,-0.24583542112270798,-12.65,531200
332,0.44417822,0.027986137,-0.87533,-0.87533,3330,1.0,0.815,0.0,-0.001212218612953599,-0.04258138358458192,-0.22546339298579104,-7.4,133200,nan,nan,13320,1.0,0.7024999999999999,0.0,-0.0032811994999223945,-0.05440331180246087,-0.2368603290327657,-11.9,532800
333,0.44417867,0.027987199,-1.0312587,-1.0312587,3340,1.0,0.795,0.0,-0.0016839440917739213,-0.04086272085491255,-0.26481240395326383,-8.2,133600,nan,nan,13360,1.0,0.686875,0.0,-0.00392622555992473,-0.05841046940103807,-0.25677209674889523,-12.525,534400
334,0.44417724,0.0279792,-1.0539379,-1.0539379,3350,1.0,0.79,0.0,-0.0012768979982687987,-0.042403571172784725,-0.24784724391616214,-8.4,134000,nan,nan,13400,1.0,0.6818749999999999,0.0,-0.002623094719279271,-0.0536708797531301,-0.24469908358424736,-12.725,536000
335,0.44417724,0.02797813,-1.0614238,-1.0614238,3360,1.0,0.7875,0.0,-0.0018705524883315628,-0.03986288737910038,-0.21716609327807648,-8.5,134400,nan,nan,13440,1.0,0.665,0.0,-0.0033648386610031188,-0.06011652100920911,-0.2441775490719912,-13.4,537600
336,0.4441756,0.027975097,-1.1669555,-1.1669555,3370,1.0,0.7675,0.0,-0.0008937239594846533,-0.04391031574166109,-0.2784586390670438,-9.3,134800,nan,nan,13480,1.0,0.658125,0.0,-0.0036565421170407014,-0.05993326154163714,-0.25591000683120707,-13.675,539200
337,0.44417536,0.027969077,-1.0304499,-1.0304499,3380,1.0,0.7875,0.0,-0.0006925720061634446,-0.03955127887380847,-0.25127236363741445,-8.5,135200,nan,nan,13520,1.0,0.64625,0.0,-0.004098513117370255,-0.05943823103854269,-0.23470476888594355,-14.15,540800
338,0.44417346,0.027969211,-1.3637357,-1.3637357,3390,1.0,0.735,0.0,-0.0030197904715358274,-0.05078990550618233,-0.2571193024144066,-10.6,135600,nan,nan,13560,1.0,0.66125,0.0,-0.003850099949888053,-0.059352346932696844,-0.24907864738516894,-13.55,542400
339,0.44417056,0.027967507,-1.2097751,-1.2097751,3400,1.0,0.7675,0.0,-0.0018926471573449191,-0.04374393021091844,-0.2418649843792172,-9.3,136000,nan,nan,13600,1.0,0.6581250000000001,0.0,-0.0030890313818317987,-0.05888291725919157,-0.25072082355227165,-13.675,544000
340,0.44416794,0.027963424,-1.4199386,-1.4199386,3410,1.0,0.7225,0.0,-0.0027242516487152395,-0.0503545299267947,-0.24837326711682434,-11.1,136400,nan,nan,13640,1.0,0.6875,0.0,-0.002998923611142527,-0.05444373162731243,-0.24515718231572725,-12.5,545600
341,0.4441687,0.027956352,-1.1996013,-1.1996013,3420,1.0,0.755,0.0,-0.0021618893040564026,-0.046169337537097774,-0.24325559241687666,-9.8,136800,nan,nan,13680,1.0,0.6449999999999999,0.0,-0.003354577833960025,-0.058922394884400285,-0.23934360175242064,-14.2,547200
342,0.44416642,0.027954511,-1.4122224,-1.4122224,3430,1.0,0.7225,0.0,-0.0009464894722121482,-0.0519453722167356,-0.2609595877091864,-11.1,137200,nan,nan,13720,1.0,0.6875,0.0,-0.002904818610807015,-0.05915967120986808,-0.2616142805602747,-12.5,548800
343,0.44416425,0.027948974,-1.6337324,-1.6337324,3440,1.0,0.6875,0.0,-0.003991269258770437,-0.05840702453670847,-0.27394973946571743,-12.5,137600,nan,nan,13760,1.0,0.7031250000000001,0.0,-0.0042637475259151274,-0.05376770163331054,-0.24613663481944187,-11.875,550400
344,0.44416413,0.027945906,-1.1422377,-1.1422377,3450,1.0,0.7875,0.0,-0.007383801889023677,-0.04318391400539509,-0.21235608429299693,-8.5,138000,nan,nan,13800,1.0,0.68375,0.0,-0.0033160688553974652,-0.056682013258525656,-0.2646977346611405,-12.65,552000
345,0.44416502,0.027938897,-1.4187889,-1.4187889,3460,1.0,0.735,0.0,-0.0015595610429150577,-0.04695982697025873,-0.24160138061259917,-10.6,138400,nan,nan,13840,1.0,0.6524999999999999,0.0,-0.0033088491741370954,-0.058001920927484116,-0.23983151669947814,-13.9,553600
346,0.4441645,0.027933491,-0.9358637,-0.9358637,3470,1.0,0.81,0.0,-0.0019278641554300222,-0.039467852091468504,-0.23561655796683237,-7.6,138800,nan,nan,13880,1.0,0.6899999999999998,0.0,-0.0030115183313273817,-0.05539837790782846,-0.24544704560344802,-12.4,555200
347,0.4441636,0.027929455,-1.3919961,-1.3919961,3480,1.0,0.7375,0.0,-0.004433277244501897,-0.05096957491268467,-0.28120110009155225,-10.5,139200,nan,nan,13920,1.0,0.64625,0.0,-0.0031592514693740527,-0.05859075858461184,-0.24683487419926955,-14.15,556800
348,0.4441612,0.027925802,-1.2655405,-1.2655405,3490,1.0,0.765,0.0,-0.0013451536211826975,-0.04677716943728946,-0.23350350669259382,-9.4,139600,nan,nan,13960,1.0,0.690625,0.0,-0.00347431786352621,-0.05615512315599819,-0.24851193356984633,-12.375,558400
349,0.4441614,0.027920177,-1.0839853,-1.0839853,3500,1.0,0.7925,0.0,-0.0030045742594051496,-0.04785375720513153,-0.23649277817474906,-8.3,140000,nan,nan,14000,1.0,0.6656249999999999,0.0,-0.0037807147727317984,-0.057335296302405504,-0.24682764223740508,-13.375,560000
350,0.44416162,0.027914168,-1.0394973,-1.0394973,3510,1.0,0.7875,0.0,-0.00467950407679558,-0.050779486787290266,-0.24900709894635906,-8.5,140400,nan,nan,14040,1.0,0.686875,0.0,-0.003562278122854688,-0.055905054735168346,-0.2457734994606618,-12.525,561600
351,0.44416332,0.027908199,-1.1218443,-1.1218443,3520,1.0,0.78,0.0,-0.004682135224343485,-0.04905871995166426,-0.27662421579174845,-8.8,140800,nan,nan,14080,1.0,0.6325000000000001,0.0,-0.004037063696001421,-0.059938388671910994,-0.2435001965216231,-14.7,563200
352,0.44416186,0.027901158,-1.1380373,-1.1380373,3530,1.0,0.7675,0.0,-0.0014675122573755532,-0.05121324966007253,-0.26469523373028475,-9.3,141200,nan,nan,14120,1.0,0.6906249999999999,0.0,-0.003530667181600969,-0.05533686309754553,-0.24782143648833074,-12.375,564800
353,0.44416344,0.02789285,-1.0085385,-1.0085385,3540,1.0,0.79,0.0,-0.0016903562391303174,-0.048337974274205525,-0.23976612312712497,-8.4,141600,nan,nan,14160,1.0,0.704375,0.0,-0.004276895281662706,-0.056053478136986724,-0.2472708254283024,-11.825,566400
354,0.44416392,0.027888231,-1.2898207,-1.2898207,3550,1.0,0.75,0.0,-0.003130951935236557,-0.04805317521371912,-0.23590565892708848,-10.0,142000,nan,nan,14200,1.0,0.6937500000000001,0.0,-0.0038140494311119585,-0.0574348488717036,-0.24705825587466723,-12.25,568000
355,0.44416022,0.027885886,-1.2158291,-1.2158291,3560,1.0,0.7675,0.0,-0.0013271942872815686,-0.04814108292956363,-0.24272987865672582,-9.3,142400,nan,nan,14240,1.0,0.6837500000000001,0.0,-0.0029914720318756963,-0.058991929027194356,-0.2499546159712974,-12.65,569600
356,0.44415972,0.027882429,-1.3589877,-1.3589877,3570,1.0,0.745,0.0,-0.0031544605052478626,-0.05198120189967075,-0.25914058786291766,-10.2,142800,nan,nan,14280,1.0,0.6662499999999999,0.0,-0.0035637988046332185,-0.05905819814167773,-0.24908539674700086,-13.35,571200
357,0.44415894,0.027879871,-1.0765077,-1.0765077,3580,1.0,0.7875,0.0,-0.0026143975537905348,-0.047887829412446264,-0.26171104115993765,-8.5,143200,nan,nan,14320,1.0,0.679375,0.0,-0.003103771170145276,-0.05738732082510979,-0.24268027569149736,-12.825,572800
358,0.44416103,0.027877046,-0.9682222,-0.9682222,3590,1.0,0.7975,0.0,-0.0017211454213884772,-0.04313258704826173,-0.26115687198052184,-8.1,143600,nan,nan,14360,1.0,0.68625,0.0,-0.004181560352995305,-0.057927630016806474,-0.24042270255355597,-12.55,574400
359,0.44416177,0.027869286,-1.4132957,-1.4132957,3600,1.0,0.7175,0.0,-0.0022240952383232987,-0.04475237945401271,-0.2297150827440493,-11.3,144000,nan,nan,14400,1.0,0.69,0.0,-0.003065302316256408,-0.056034081774009134,-0.23919615765633476,-12.4,576000
360,0.44415927,0.027868614,-0.96253884,-0.96253884,3610,1.0,0.795,0.0,-0.00103877081048885,-0.03945258560052996,-0.2471181992623752,-8.2,144400,nan,nan,14440,1.0,0.69,0.0,-0.0035001320056934466,-0.05674830180785153,-0.24805291418568626,-12.4,577600
361,0.44415638,0.027864521,-1.2220246,-1.2220246,3620,1.0,0.7475,0.0,-0.0018917622992019444,-0.0451619847905841,-0.25897873826028206,-10.1,144800,nan,nan,14480,1.0,0.683125,0.0,-0.0031491667534765703,-0.055816788277792836,-0.24874789686402612,-12.675,579200
362,0.44415772,0.027864704,-1.3630509,-1.3630509,3630,1.0,0.7275,0.0,-0.003889659794867586,-0.047964187648172125,-0.26886775850779265,-10.9,145200,nan,nan,14520,1.0,0.614375,0.0,-0.0034056568495845264,-0.0638091572725496,-0.2608555476877562,-15.425,580800
363,0.44415796,0.027862353,-1.2867776,-1.2867776,3640,1.0,0.725,0.0,-0.0029147852825956587,-0.04925479027899669,-0.25801205638803343,-11.0,145600,nan,nan,14560,1.0,0.6518750000000001,0.0,-0.0038402611069150035,-0.060435491842287845,-0.24271889901819338,-13.925,582400
364,0.44415757,0.027861642,-1.0375054,-1.0375054,3650,1.0,0.775,0.0,-0.000874166859048408,-0.045784619656262286,-0.24091152522383616,-9.0,146000,nan,nan,14600,1.0,0.6675000000000001,0.0,-0.0029288471295216443,-0.060242003093288664,-0.2517975788529282,-13.3,584000
365,0.44415712,0.027859561,-1.0781139,-1.0781139,3660,1.0,0.7975,0.0,-0.0019568411254930894,-0.043505469287518146,-0.24466764847620645,-8.1,146400,nan,nan,14640,1.0,0.69875,0.0,-0.0030739289225945824,-0.06058686069720737,-0.2616279375370333,-12.05,585600
366,0.44415495,0.027857928,-0.9082378,-0.9082378,3670,1.0,0.8075,0.0,-0.001984807672064609,-0.04475276457125376,-0.24908454510953892,-7.7,146800,nan,nan,14680,1.0,0.68625,0.0,-0.004673985517572356,-0.059449035657481684,-0.24815826923657017,-12.55,587200
367,0.44415346,0.027857535,-1.2551203,-1.2551203,3680,1.0,0.7575,0.0,-0.004363009116434773,-0.05246585505121945,-0.2572942645779979,-9.7,147200,nan,nan,14720,1.0,0.683125,0.0,-0.0034606803812908945,-0.059732509478011606,-0.2595171670653088,-12.675,588800
368,0.4441539,0.027850688,-1.2321264,-1.2321264,3690,1.0,0.7625,0.0,-0.0009110217805010793,-0.046550117579658726,-0.2430131429677973,-9.5,147600,nan,nan,14760,1.0,0.6912499999999999,0.0,-0.0034871155020606225,-0.05513955783632039,-0.2416997230468733,-12.35,590400
369,0.4441532,0.027850276,-0.8844474,-0.8844474,3700,1.0,0.8125,0.0,-0.00149617128732785,-0.043882789062501815,-0.22519608624724158,-7.5,148000,nan,nan,14800,1.0,0.6756249999999999,0.0,-0.003206547080793612,-0.05997791606553068,-0.2412579835762534,-12.975,592000
370,0.44415084,0.027846465,-0.991002,-0.991002,3710,1.0,0.7975,0.0,-0.0033783601613062287,-0.04238138165942061,-0.26588315569960524,-8.1,148400,nan,nan,14840,1.0,0.69125,0.0,-0.0027940523627597923,-0.05781043822319596,-0.2395185954506546,-12.35,593600
371,0.44415116,0.027843555,-0.93064743,-0.93064743,3720,1.0,0.81,0.0,-0.006672792193777645,-0.04589272446029991,-0.2671280107452819,-7.6,148800,nan,nan,14880,1.0,0.6731250000000001,0.0,-0.004663388910527936,-0.059821149088158776,-0.25100285889876706,-13.075,595200
372,0.4441493,0.027843878,-1.0944773,-1.0944773,3730,1.0,0.7875,0.0,-0.0021111329135476255,-0.04385483338988271,-0.26652815940927815,-8.5,149200,nan,nan,14920,1.0,0.6599999999999999,0.0,-0.003503478593165594,-0.05909408235517518,-0.2600915398616898,-13.6,596800
373,0.44414654,0.02784203,-1.2561412,-1.2561412,3740,1.0,0.7475,0.0,-0.0014444640074244045,-0.04934165002903027,-0.2694324855385148,-10.1,149600,nan,nan,14960,1.0,0.6793750000000001,0.0,-0.004482455762436754,-0.06126188916754347,-0.26223271024159,-12.825,598400
374,0.444147,0.02783931,-1.3334655,-1.3334655,3750,1.0,0.735,0.0,-0.0007522117718945496,-0.04905776111510456,-0.243210265924966,-10.6,150000,nan,nan,15000,1.0,0.655,0.0,-0.0038165477695651243,-0.05782316340545164,-0.25311833287563185,-13.8,600000
375,0.4441478,0.027833862,-1.2618499,-1.2618499,3760,1.0,0.74,0.0,-0.000863412470279951,-0.0490601679295577,-0.23591762994207172,-10.4,150400,nan,nan,15040,1.0,0.6799999999999999,0.0,-0.003514988862500223,-0.057477381368743176,-0.24814396210803524,-12.8,601600
376,0.44414365,0.027831942,-1.1732084,-1.1732084,3770,1.0,0.7525,0.0,-0.0012972122951075923,-0.04897531536256941,-0.2283056787132137,-9.9,150800,nan,nan,15080,1.0,0.6656249999999999,0.0,-0.004614943952091391,-0.05919571086332753,-0.24663430942019698,-13.375,603200
377,0.44414166,0.027830632,-1.3476447,-1.3476447,3780,1.0,0.7425,0.0,-0.00300006861413204,-0.04534459210848699,-0.2504021361808568,-10.3,151200,nan,nan,15120,1.0,0.661875,0.0,-0.0037231682721572444,-0.06078914197765902,-0.24725441901061135,-13.525,604800
378,0.44414398,0.02783034,-1.2806109,-1.2806109,3790,1.0,0.74,0.0,-0.001787204445351595,-0.04602764987701947,-0.25916610310297117,-10.4,151600,nan,nan,15160,1.0,0.66125,0.0,-0.003383730740715537,-0.06313915950657578,-0.2740626178249969,-13.55,606400
379,0.44414458,0.027827198,-0.9674224,-0.9674224,3800,1.0,0.795,0.0,-0.0014346014987551088,-0.04618666075938886,-0.22713330685931463,-8.2,152000,nan,nan,15200,1.0,0.6625,0.0,-0.003474662040730206,-0.058780366060766774,-0.24106748609233306,-13.5,608000
380,0.44414476,0.027822955,-1.265826,-1.265826,3810,1.0,0.755,0.0,-0.0030889903098924127,-0.04456876922545257,-0.25372752834961,-9.8,152400,nan,nan,15240,1.0,0.6643749999999999,0.0,-0.002393873004334858,-0.05663342595789951,-0.24345004031748782,-13.425,609600
381,0.4441419,0.027821267,-1.4279801,-1.4279801,3820,1.0,0.7225,0.0,-0.005473956138708448,-0.05135881160027015,-0.27051058261847105,-11.1,152800,nan,nan,15280,1.0,0.6918749999999999,0.0,-0.0024269034406212467,-0.054186131572367666,-0.2568516668581518,-12.325,611200
382,0.44414008,0.027820274,-1.2789502,-1.2789502,3830,1.0,0.755,0.0,-0.0016850772283059897,-0.04897518674772581,-0.2587254120366643,-9.8,153200,nan,nan,15320,1.0,0.6987499999999999,0.0,-0.0035081552859550064,-0.056970526908352734,-0.24528014604733928,-12.05,612800
383,0.44414222,0.027813816,-1.5236039,-1.5236039,3840,1.0,0.7175,0.0,-0.00285741633541738,-0.05042839988243718,-0.23851564494499433,-11.3,153600,nan,nan,15360,1.0,0.6875000000000001,0.0,-0.003059871864724871,-0.05446969431780628,-0.2419255318428995,-12.5,614400
384,0.44414058,0.027814165,-1.234662,-1.234662,3850,1.0,0.76,0.0,-0.0008424129006726286,-0.04284491264548855,-0.2339695257161259,-9.6,154000,nan,nan,15400,1.0,0.685625,0.0,-0.004337534173241006,-0.0593145378767031,-0.25593306310955705,-12.575,616000
385,0.4441394,0.027812956,-1.0379362,-1.0379362,3860,1.0,0.79,0.0,-0.0019543974904656382,-0.043827479502615584,-0.23031309736503358,-8.4,154400,nan,nan,15440,1.0,0.68125,0.0,-0.0039521258234847,-0.060688365115692214,-0.26358726492871004,-12.75,617600
386,0.4441376,0.027812898,-1.2478893,-1.2478893,3870,1.0,0.7625,0.0,-0.0018767546262643512,-0.0449361065269469,-0.2186829711281689,-9.5,154800,nan,nan,15480,1.0,0.6837500000000001,0.0,-0.004238315588172561,-0.06093627692421385,-0.25323796448521674,-12.65,619200
387,0.44413555,0.027807841,-1.1728702,-1.1728702,3880,1.0,0.7725,0.0,-0.002517781806735644,-0.047105963032675245,-0.2550743974129337,-9.1,155200,nan,nan,15520,1.0,0.716875,0.0,-0.0033096240894479436,-0.05195911583730366,-0.2342567296162695,-11.325,620800
388,0.44413504,0.02780331,-0.89852554,-0.89852554,3890,1.0,0.805,0.0,-0.003100986064231476,-0.039021496375592025,-0.2449563623245378,-7.8,155600,nan,nan,15560,1.0,0.685625,0.0,-0.0038583366011722014,-0.0574555482958072,-0.24476638788625263,-12.575,622400
389,0.44413617,0.027799854,-0.9988313,-0.9988313,3900,1.0,0.7975,0.0,-0.003315561618488259,-0.040377454631764204,-0.25061363269053977,-8.1,156000,nan,nan,15600,1.0,0.6275,0.0,-0.003408401899547975,-0.06054864545997627,-0.23493058991954716,-14.9,624000
390,0.44413555,0.02779953,-1.4817348,-1.4817348,3910,1.0,0.71,0.0,-0.0030467705096690503,-0.05193995786119,-0.26172493047912276,-11.6,156400,nan,nan,15640,1.0,0.64625,0.0,-0.003556228216475995,-0.06204930146035718,-0.2428507833679284,-14.15,625600
391,0.44413462,0.02779383,-1.2344851,-1.2344851,3920,1.0,0.7575,0.0,-0.0005843455243834495,-0.0464604850263648,-0.22991665867595557,-9.7,156800,nan,nan,15680,1.0,0.7150000000000001,0.0,-0.0029297172333069095,-0.05426042952858186,-0.24901388254342133,-11.4,627200
392,0.4441327,0.027792213,-1.2303064,-1.2303064,3930,1.0,0.765,0.0,-0.007169565222593402,-0.04750548760168792,-0.23867667440528903,-9.4,157200,nan,nan,15720,1.0,0.6749999999999999,0.0,-0.0036116344256292053,-0.060255247220311815,-0.2601985418980936,-13.0,628800
393,0.44413233,0.027786398,-1.1145799,-1.1145799,3940,1.0,0.765,0.0,-0.002369546544771868,-0.04791726640813869,-0.2578035024022056,-9.4,157600,nan,nan,15760,1.0,0.675625,0.0,-0.002999494506202459,-0.05554191060933916,-0.23355964327665318,-12.975,630400
394,0.44412962,0.027786238,-1.023893,-1.023893,3950,1.0,0.7775,0.0,-0.004803100872009933,-0.044089835381088,-0.25217569077580787,-8.9,158000,nan,nan,15800,1.0,0.65875,0.0,-0.0035602267724986654,-0.059813755721828454,-0.24484146337625257,-13.65,632000
395,0.44413114,0.027782977,-0.9679851,-0.9679851,3960,1.0,0.8,0.0,-0.002535899599183827,-0.04517990855068848,-0.2259022772140412,-8.0,158400,nan,nan,15840,1.0,0.7206250000000001,0.0,-0.003642654048606251,-0.05550437889220115,-0.24289623057772033,-11.175,633600
396,0.44413128,0.027780117,-1.1993744,-1.1993744,3970,1.0,0.7675,0.0,-0.0009788295771127873,-0.048236502075340894,-0.23769779642835892,-9.3,158800,nan,nan,15880,1.0,0.67625,0.0,-0.004069816980990746,-0.06023021911888808,-0.25098274067781945,-12.95,635200
397,0.44413033,0.02777519,-1.0625225,-1.0625225,3980,1.0,0.7725,0.0,-0.002317641021463431,-0.049477330247572324,-0.2707024432740199,-9.1,159200,nan,nan,15920,1.0,0.7,0.0,-0.003855058578026633,-0.05727399772427159,-0.24807862950932655,-12.0,636800
398,0.44413158,0.027773539,-1.4714617,-1.4714617,3990,1.0,0.7375,0.0,-0.0065362953831910875,-0.052234716724828816,-0.23502804339661168,-10.5,159600,nan,nan,15960,1.0,0.62625,0.0,-0.0035354962255729335,-0.06128730873459035,-0.25238347994154053,-14.95,638400
399,0.44413444,0.027769513,-0.9031388,-0.9031388,4000,1.0,0.8075,0.0,-0.003924018375253551,-0.046081208821658955,-0.2628412602875945,-7.7,160000,nan,nan,16000,1.0,0.6399999999999999,0.0,-0.004906782739894678,-0.05919705285447928,-0.24674452211013956,-14.4,640000
400,0.44413432,0.027765067,-1.2317351,-1.2317351,4010,1.0,0.7575,0.0,-0.003473148995939946,-0.047472287431025446,-0.24759194036099874,-9.7,160400,nan,nan,16040,1.0,0.6599999999999999,0.0,-0.003831368563399359,-0.06092546907714051,-0.25526360367525797,-13.6,641600
401,0.44413254,0.027760878,-0.9046219,-0.9046219,4020,1.0,0.805,0.0,-0.005940597648169828,-0.05103194165524493,-0.25916960279851403,-7.8,160800,nan,nan,16080,1.0,0.6756249999999999,0.0,-0.004905134180483615,-0.058526752793969794,-0.26285887736058877,-12.975,643200
402,0.4441335,0.027756318,-1.0736747,-1.0736747,4030,1.0,0.79,0.0,-0.006822318122339718,-0.048334510524999846,-0.23964966361100576,-8.4,161200,nan,nan,16120,1.0,0.705,0.0,-0.003017926042883169,-0.05524370760096322,-0.25430258982100473,-11.8,644800
403,0.44413543,0.027750907,-1.0030015,-1.0030015,4040,1.0,0.7925,0.0,-0.0012495201514368412,-0.042103485571989355,-0.27208802637494295,-8.3,161600,nan,nan,16160,1.0,0.6487499999999999,0.0,-0.0037937501875978186,-0.05893308740928323,-0.2429342968963771,-14.05,646400
404,0.4441359,0.027746232,-1.4643745,-1.4643745,4050,1.0,0.705,0.0,-0.008931728879023623,-0.05516417304645567,-0.27603668238113005,-11.8,162000,nan,nan,16200,1.0,0.671875,0.0,-0.003609098496263091,-0.056660324652044826,-0.23893821730533132,-13.125,648000
405,0.44413552,0.027740253,-1.4153003,-1.4153003,4060,1.0,0.7225,0.0,-0.005986845979727506,-0.056646052890907884,-0.26759372787222546,-11.1,162400,nan,nan,16240,1.0,0.62625,0.0,-0.004487287676294677,-0.05854425389748012,-0.24453485410529435,-14.95,649600
406,0.44413552,0.02773921,-1.0792483,-1.0792483,4070,1.0,0.775,0.0,-0.003786627791278358,-0.04305832276118247,-0.23165730416366176,-9.0,162800,nan,nan,16280,1.0,0.68375,0.0,-0.004237353519791551,-0.05850534908777829,-0.2596720829647732,-12.65,651200
407,0.44413295,0.027736098,-0.76801944,-0.76801944,4080,1.0,0.825,0.0,-0.0066539323754657865,-0.040661263418301966,-0.2425569004791111,-7.0,163200,nan,nan,16320,1.0,0.693125,0.0,-0.002925637659410245,-0.05436903104097178,-0.24715288377773187,-12.275,652800
408,0.44413146,0.027732572,-1.3171594,-1.3171594,4090,1.0,0.7375,0.0,-0.005799907320595868,-0.0518386793076119,-0.2343946794840126,-10.5,163600,nan,nan,16360,1.0,0.6718750000000001,0.0,-0.004350983949273373,-0.058511923370572136,-0.24262111324515945,-13.125,654400
409,0.4441286,0.027733356,-0.79567635,-0.79567635,4100,1.0,0.815,0.0,-0.005165298708106854,-0.041616626256260524,-0.20683914842064474,-7.4,164000,nan,nan,16400,1.0,0.6693749999999999,0.0,-0.004398415773503738,-0.05984100977000685,-0.25215962085257154,-13.225,656000
410,0.4441272,0.027730033,-1.1653981,-1.1653981,4110,1.0,0.76,0.0,-0.0023465615670911835,-0.04991045898294571,-0.2720322643820798,-9.6,164400,nan,nan,16440,1.0,0.7049999999999998,0.0,-0.003285814762633845,-0.055837659975875885,-0.23855936091356172,-11.8,657600
411,0.4441258,0.027726993,-0.91243386,-0.91243386,4120,1.0,0.8075,0.0,-0.004370615042923791,-0.04676608045734632,-0.27595871271307487,-7.7,164800,nan,nan,16480,1.0,0.660625,0.0,-0.003969245014217157,-0.058007315169469595,-0.24480558520706097,-13.575,659200
412,0.44412577,0.027724741,-0.9795325,-0.9795325,4130,1.0,0.7925,0.0,-0.002804666420843794,-0.04602809456512477,-0.25022527255143723,-8.3,165200,nan,nan,16520,1.0,0.6599999999999999,0.0,-0.0036912572208500985,-0.060226582361304,-0.2453187488448095,-13.6,660800
413,0.4441265,0.027722357,-0.9645577,-0.9645577,4140,1.0,0.79,0.0,-0.00470701579110007,-0.04668223525161303,-0.2620274898484502,-8.4,165600,nan,nan,16560,1.0,0.7125,0.0,-0.0035963072500453776,-0.05731974079285973,-0.2528972326272926,-11.5,662400
414,0.4441248,0.027718985,-0.9047303,-0.9047303,4150,1.0,0.8125,0.0,-0.0015596231303379236,-0.042586311783948484,-0.23549476551653378,-7.5,166000,nan,nan,16600,1.0,0.680625,0.0,-0.0037677641189638083,-0.05710140116930294,-0.2489459286898809,-12.775,664000
415,0.4441255,0.027713696,-1.1282705,-1.1282705,4160,1.0,0.7675,0.0,-0.0015706954627909468,-0.045680112350478114,-0.22750507667888356,-9.3,166400,nan,nan,16640,1.0,0.690625,0.0,-0.003570331878856696,-0.05616059171811575,-0.24247261216039312,-12.375,665600
416,0.444127,0.027708052,-1.2616341,-1.2616341,4170,1.0,0.75,0.0,-0.0012037292983997233,-0.04934407237667305,-0.2582625061880455,-10.0,166800,nan,nan,16680,1.0,0.6768750000000001,0.0,-0.0033256142634926766,-0.05563164313198269,-0.25088639979525595,-12.925,667200
417,0.4441272,0.027704382,-1.3144133,-1.3144133,4180,1.0,0.73,0.0,-0.0014705781246161418,-0.043657419367609494,-0.2476106330595069,-10.8,167200,nan,nan,16720,1.0,0.6793750000000001,0.0,-0.003899178770805959,-0.055860729041792546,-0.2446169881407537,-12.825,668800
418,0.44412962,0.027699867,-1.0693073,-1.0693073,4190,1.0,0.7825,0.0,-0.000391498650629003,-0.04098082701056529,-0.23588574255641495,-8.7,167600,nan,nan,16760,1.0,0.663125,0.0,-0.0038932506565898936,-0.05535069865671753,-0.24076720105545565,-13.475,670400
419,0.44412994,0.027698956,-0.987523,-0.987523,4200,1.0,0.7925,0.0,-0.0036198731371628774,-0.04547349169969966,-0.27755125624306215,-8.3,168000,nan,nan,16800,1.0,0.68375,0.0,-0.003958859796197365,-0.05836387336725689,-0.2571043395742529,-12.65,672000
420,0.44413137,0.027694328,-1.2984906,-1.2984906,4210,1.0,0.7375,0.0,-0.004274961298205257,-0.050827833734921966,-0.23485553592191083,-10.5,168400,nan,nan,16840,1.0,0.6693749999999998,0.0,-0.004821238178864766,-0.05959040641046357,-0.2457488564816157,-13.225,673600
421,0.4441323,0.027691444,-0.8819134,-0.8819134,4220,1.0,0.81,0.0,-0.003273770699657218,-0.04087437749713293,-0.26541405178771704,-7.6,168800,nan,nan,16880,1.0,0.701875,0.0,-0.003904252972901437,-0.05618200788210548,-0.24940868778560632,-11.925,675200
422,0.444133,0.027688108,-1.0361938,-1.0361938,4230,1.0,0.795,0.0,-0.009535488056968834,-0.04697589036708734,-0.2408435165309908,-8.2,169200,nan,nan,16920,1.0,0.7025,0.0,-0.0034849853400445883,-0.056208763834809196,-0.25505053602787536,-11.9,676800
423,0.44413137,0.027688237,-0.9354772,-0.9354772,4240,1.0,0.805,0.0,-0.004008540750880579,-0.04707270155454216,-0.2516019495681964,-7.8,169600,nan,nan,16960,1.0,0.6543749999999999,0.0,-0.0038053790324845153,-0.0634786046686357,-0.25916292607065605,-13.825,678400
424,0.4441317,0.027681917,-0.9530553,-0.9530553,4250,1.0,0.795,0.0,-0.003420133537641279,-0.045074110362656766,-0.2378490051932402,-8.2,170000,nan,nan,17000,1.0,0.718125,0.0,-0.003915400042604463,-0.055817203429583885,-0.24985059851805813,-11.275,680000
425,0.44413224,0.027680561,-0.7290879,-0.7290879,4260,1.0,0.83,0.0,-0.005997169334781365,-0.0445735896095363,-0.23983798230859213,-6.8,170400,nan,nan,17040,1.0,0.663125,0.0,-0.0036711353383171324,-0.06018900145058198,-0.24897036670958278,-13.475,681600
426,0.44413373,0.027680168,-1.3649926,-1.3649926,4270,1.0,0.7125,0.0,-0.0010842701935063618,-0.05057702318045908,-0.24062097124919635,-11.5,170800,nan,nan,17080,1.0,0.62875,0.0,-0.0040874167863253225,-0.06216452737462201,-0.2564890673453865,-14.85,683200
427,0.44413555,0.027678097,-1.0773573,-1.0773573,4280,1.0,0.7675,0.0,-0.0009521441759899684,-0.04035970534744712,-0.26409189875200656,-9.3,171200,nan,nan,17120,1.0,0.6675,0.0,-0.004308932725879814,-0.060723449955360165,-0.2560441749487684,-13.3,684800
428,0.4441339,0.027675392,-1.2022268,-1.2022268,4290,1.0,0.75,0.0,-0.0012131570510387393,-0.047410975018489905,-0.23401828130388608,-10.0,171600,nan,nan,17160,1.0,0.6874999999999999,0.0,-0.0035399174725549106,-0.05765327019639015,-0.25022179139210193,-12.5,686400
429,0.44413307,0.027673366,-1.5134465,-1.5134465,4300,1.0,0.695,0.0,-0.0020115502012200714,-0.05030146172698089,-0.27548455717551046,-12.2,172000,nan,nan,17200,1.0,0.674375,0.0,-0.004218369774181022,-0.05902524520433251,-0.2534666145626091,-13.025,688000
430,0.44413257,0.027672617,-1.1259086,-1.1259086,4310,1.0,0.77,0.0,-0.0009794417382295176,-0.04262117969661358,-0.23040027415362918,-9.2,172400,nan,nan,17240,1.0,0.6725000000000001,0.0,-0.00293600957047194,-0.057956851090492534,-0.25184324458015833,-13.1,689600
431,0.44412938,0.027672209,-1.3546414,-1.3546414,4320,1.0,0.73,0.0,-0.007958556181957652,-0.051694686508105846,-0.23966268678096803,-10.8,172800,nan,nan,17280,1.0,0.6893750000000001,0.0,-0.0037041760293950628,-0.0579782379660144,-0.2594308562006414,-12.425,691200
432,0.44412908,0.027668998,-0.9632268,-0.9632268,4330,1.0,0.79,0.0,-0.003667716264178107,-0.047358483470664445,-0.2502963399465384,-8.4,173200,nan,nan,17320,1.0,0.6875,0.0,-0.003912869870812748,-0.05839000830237621,-0.2501196316447309,-12.5,692800
433,0.44412994,0.0276656,-1.1514766,-1.1514766,4340,1.0,0.765,0.0,-0.0029428159802099107,-0.0475698985346182,-0.23971989081139797,-9.4,173600,nan,nan,17360,1.0,0.67,0.0,-0.0035132637707464796,-0.057740121913059175,-0.24640474097191042,-13.2,694400
434,0.44412962,0.027667118,-0.9722739,-0.9722739,4350,1.0,0.79,0.0,-0.006714161391278849,-0.04292170797221301,-0.2503624677560958,-8.4,174000,nan,nan,17400,1.0,0.669375,0.0,-0.0031588366439824615,-0.05925132478639109,-0.26308721040793664,-13.225,696000
435,0.44413123,0.027665116,-1.3169408,-1.3169408,4360,1.0,0.7275,0.0,-0.0027789258178175383,-0.04736777416352629,-0.24102467036207292,-10.9,174400,nan,nan,17440,1.0,0.6837500000000001,0.0,-0.003882040222260192,-0.05869725731623775,-0.25100344968713784,-12.65,697600
436,0.44413292,0.027663445,-1.0575271,-1.0575271,4370,1.0,0.79,0.0,-0.0012270416974632492,-0.04219600385927329,-0.23134148342305771,-8.4,174800,nan,nan,17480,1.0,0.6468750000000001,0.0,-0.00531330277888821,-0.06100106693893268,-0.2533175856331596,-14.125,699200
437,0.44413427,0.027658468,-1.0723214,-1.0723214,4380,1.0,0.775,0.0,-0.0031402749870358287,-0.046942408068474,-0.2551228157016398,-9.0,175200,nan,nan,17520,1.0,0.688125,0.0,-0.002649653536735636,-0.055765497249095755,-0.2500495873321979,-12.475,700800
438,0.44413197,0.027659103,-1.25458,-1.25458,4390,1.0,0.7425,0.0,-0.0015597443864064848,-0.04812487639105411,-0.261988199286694,-10.3,175600,nan,nan,17560,1.0,0.6831250000000001,0.0,-0.003388883493391076,-0.05961789287711622,-0.2626141424437276,-12.675,702400
439,0.44413182,0.027658226,-0.9560186,-0.9560186,4400,1.0,0.7925,0.0,-0.00343128316330838,-0.043056820435901845,-0.20219698671785918,-8.3,176000,nan,nan,17600,1.0,0.670625,0.0,-0.003652588054539665,-0.05778442139350506,-0.24531326826445862,-13.175,704000
440,0.44412956,0.027657153,-0.8400385,-0.8400385,4410,1.0,0.8125,0.0,-0.0040812397771413005,-0.04492450983479463,-0.24242063884994744,-7.5,176400,nan,nan,17640,1.0,0.65375,0.0,-0.0033486153519949324,-0.059668154070616784,-0.24280578192666336,-13.85,705600
441,0.44412827,0.027649805,-1.0506048,-1.0506048,4420,1.0,0.78,0.0,-0.006932077828519225,-0.0492297227612367,-0.25077128725970166,-8.8,176800,nan,nan,17680,1.0,0.7012500000000002,0.0,-0.004097908254179062,-0.053790139729396336,-0.23153609720792775,-11.95,707200
442,0.44412908,0.027648412,-0.9537705,-0.9537705,4430,1.0,0.8,0.0,-0.0032164083851501397,-0.04740173594917156,-0.2657742252718152,-8.0,177200,nan,nan,17720,1.0,0.68625,0.0,-0.0039023573676506954,-0.057960640553024266,-0.24680700464385832,-12.55,708800
443,0.44413054,0.027641095,-1.0105497,-1.0105497,4440,1.0,0.7875,0.0,-0.002462225462639148,-0.04705182379005714,-0.25217851551191617,-8.5,177600,nan,nan,17760,1.0,0.694375,0.0,-0.003807216145155636,-0.054747133306213204,-0.24843224552794813,-12.225,710400
444,0.44413114,0.027637752,-1.0594026,-1.0594026,4450,1.0,0.775,0.0,-0.0008271957960837315,-0.04374265061241682,-0.23999183202034713,-9.0,178000,nan,nan,17800,1.0,0.6556250000000001,0.0,-0.0031718102457719216,-0.0588990747795914,-0.2484317994371245,-13.775,712000
445,0.4441326,0.027636034,-0.9578975,-0.9578975,4460,1.0,0.7925,0.0,-0.002726245404090905,-0.04131924318390857,-0.2739827330668209,-8.3,178400,nan,nan,17840,1.0,0.65875,0.0,-0.004608643867701435,-0.05995918313589129,-0.246444587745219,-13.65,713600
446,0.4441329,0.02763144,-1.2101169,-1.2101169,4470,1.0,0.7575,0.0,-0.006549956565988765,-0.050474973011538575,-0.254143296714121,-9.7,178800,nan,nan,17880,1.0,0.6837500000000001,0.0,-0.0032778055424212806,-0.055537588968000554,-0.24894425471149315,-12.65,715200
447,0.44413435,0.0276246,-0.9257721,-0.9257721,4480,1.0,0.8025,0.0,-0.008737221297241358,-0.051615161562165855,-0.27006984137876,-7.9,179200,nan,nan,17920,1.0,0.715,0.0,-0.00506728807620098,-0.054495168473720025,-0.23922334143613325,-11.4,716800
448,0.4441357,0.027623123,-1.1308064,-1.1308064,4490,1.0,0.78,0.0,-0.004331983104242489,-0.051724021450127645,-0.2514297364335364,-8.8,179600,nan,nan,17960,1.0,0.634375,0.0,-0.004751442546302735,-0.06130148747409585,-0.25683799040838134,-14.625,718400
449,0.44413698,0.027621284,-0.9610665,-0.9610665,4500,1.0,0.7975,0.0,-0.004303262232032297,-0.049222334257543354,-0.26031101649167493,-8.1,180000,nan,nan,18000,1.0,0.656875,0.0,-0.004743333250524624,-0.06103105730788953,-0.2545208109673577,-13.725,720000
450,0.4441357,0.02761875,-1.0852478,-1.0852478,4510,1.0,0.7775,0.0,-0.0029719095746703764,-0.04615490582045652,-0.24889371522137618,-8.9,180400,nan,nan,18040,1.0,0.6962499999999999,0.0,-0.0038293408400121146,-0.05816740367938487,-0.23989929989674313,-12.15,721600
451,0.44413617,0.027611045,-1.3191336,-1.3191336,4520,1.0,0.7225,0.0,-0.004384329989818151,-0.05254052879571543,-0.23772548633020255,-11.1,180800,nan,nan,18080,1.0,0.6875,0.0,-0.006224253035297407,-0.05779336644340034,-0.23012398006275822,-12.5,723200
452,0.444136,0.027609967,-1.0314765,-1.0314765,4530,1.0,0.785,0.0,-0.0041008515066654205,-0.046076170214830306,-0.23174431350507205,-8.6,181200,nan,nan,18120,1.0,0.6912499999999999,0.0,-0.003916036004490615,-0.05642309151212821,-0.2481496830786209,-12.35,724800
453,0.44413695,0.02760609,-0.9184725,-0.9184725,4540,1.0,0.795,0.0,-0.00026810007648610945,-0.0471764701162604,-0.22910895108645296,-8.2,181600,nan,nan,18160,1.0,0.6875,0.0,-0.005396724728367981,-0.058389548172018135,-0.2507560690730471,-12.5,726400
454,0.4441373,0.02760274,-1.0981793,-1.0981793,4550,1.0,0.7625,0.0,-0.0032498519514743704,-0.052220725241648454,-0.251343212711713,-9.5,182000,nan,nan,18200,1.0,0.709375,0.0,-0.004921370330506994,-0.05665458232147913,-0.24733796333485453,-11.625,728000
455,0.4441372,0.027599646,-0.8642429,-0.8642429,4560,1.0,0.8075,0.0,-0.0014087103253610626,-0.04549369239086876,-0.2529773683097154,-7.7,182400,nan,nan,18240,1.0,0.6675,0.0,-0.003134877683796412,-0.059341342353156044,-0.2534717412576208,-13.3,729600
456,0.44413614,0.0275967,-1.0240718,-1.0240718,4570,1.0,0.7825,0.0,-0.0010468602478822858,-0.04816358587149617,-0.2766654967452513,-8.7,182800,nan,nan,18280,1.0,0.684375,0.0,-0.0030715531482045366,-0.05868987736265996,-0.2544194987610119,-12.625,731200
457,0.44413576,0.027595846,-1.0372515,-1.0372515,4580,1.0,0.775,0.0,-0.0036761627065091613,-0.04422771791677271,-0.24870897993322091,-9.0,183200,nan,nan,18320,1.0,0.7,0.0,-0.0032651253049474646,-0.05554158056350622,-0.24819670862730772,-12.0,732800
458,0.4441339,0.027594304,-1.1281888,-1.1281888,4590,1.0,0.7775,0.0,-0.0007302789337130788,-0.04522712479701669,-0.24808639083165013,-8.9,183600,nan,nan,18360,1.0,0.695625,0.0,-0.003161923650706948,-0.057407974825975386,-0.25733561793633414,-12.175,734400
459,0.44413492,0.027590336,-0.68538564,-0.68538564,4600,1.0,0.835,0.0,-0.002705531141208967,-0.03692775859998124,-0.23875660140367416,-6.6,184000,nan,nan,18400,1.0,0.7024999999999999,0.0,-0.0033714978176438712,-0.055094930524343354,-0.23790399073515617,-11.9,736000
460,0.44413486,0.027590202,-0.9507218,-0.9507218,4610,1.0,0.7925,0.0,-0.005546257632280593,-0.04554129158232931,-0.2408068353577554,-8.3,184400,nan,nan,18440,1.0,0.66625,0.0,-0.0038331031888183494,-0.05982657558869127,-0.2478598544676937,-13.35,737600
461,0.44413686,0.027584812,-0.9066284,-0.9066284,4620,1.0,0.7975,0.0,-0.010405262539414574,-0.045810237613361775,-0.23774108688989634,-8.1,184800,nan,nan,18480,1.0,0.6975,0.0,-0.0033758772848451898,-0.05831544758163607,-0.25073107533199634,-12.1,739200
462,0.44413838,0.027579175,-1.1027435,-1.1027435,4630,1.0,0.77,0.0,-0.00662323496317422,-0.053373540705229455,-0.24328779325246552,-9.2,185200,nan,nan,18520,1.0,0.6631250000000001,0.0,-0.0035519429875201444,-0.05986065091976567,-0.2388184364599771,-13.475,740800
463,0.44413754,0.02757671,-0.92500246,-0.92500246,4640,1.0,0.7925,0.0,-0.014847532734810043,-0.05159092374778347,-0.2428605664649143,-8.3,185600,nan,nan,18560,1.0,0.666875,0.0,-0.004217521108784415,-0.06241754809893356,-0.26237476907700036,-13.325,742400
464,0.4441388,0.02757194,-1.0211754,-1.0211754,4650,1.0,0.7825,0.0,-0.008837620495346768,-0.0520914169338303,-0.2516501469101799,-8.7,186000,nan,nan,18600,1.0,0.6512499999999999,0.0,-0.004872056106653258,-0.06168089046962655,-0.2450888943667567,-13.95,744000
465,0.44413897,0.02756849,-0.80918103,-0.80918103,4660,1.0,0.8125,0.0,-0.006449108317869632,-0.04894375884511655,-0.22319725655257985,-7.5,186400,nan,nan,18640,1.0,0.7025,0.0,-0.0037318658482608145,-0.057430220403262976,-0.24659248224541858,-11.9,745600
466,0.44414017,0.027563736,-1.1479682,-1.1479682,4670,1.0,0.7525,0.0,-0.005726500312877143,-0.055690097483469536,-0.24566814139803764,-9.9,186800,nan,nan,18680,1.0,0.69625,0.0,-0.004210398306397394,-0.0574592315846855,-0.23858660125047945,-12.15,747200
467,0.44413927,0.027563231,-1.3581789,-1.3581789,4680,1.0,0.705,0.0,-0.003384431140623695,-0.05424311892241016,-0.2622644948361676,-11.8,187200,nan,nan,18720,1.0,0.6737500000000001,0.0,-0.005961730755601522,-0.061461670124356424,-0.2521254088998453,-13.05,748800
468,0.44413996,0.027559927,-1.3665193,-1.3665193,4690,1.0,0.7275,0.0,-0.0021306791948408955,-0.057716236951015194,-0.23127327283728963,-10.9,187600,nan,nan,18760,1.0,0.6837500000000001,0.0,-0.0037445573069562295,-0.05686205737959742,-0.24163434310669576,-12.65,750400
469,0.44414032,0.027560918,-1.3240695,-1.3240695,4700,1.0,0.7425,0.0,-0.012325082749394237,-0.06206508509636763,-0.26140143288454404,-10.3,188000,nan,nan,18800,1.0,0.6212500000000001,0.0,-0.00600188693998451,-0.06649460640643833,-0.25313980214915177,-15.15,752000
470,0.44414106,0.02755911,-1.0157058,-1.0157058,4710,1.0,0.7875,0.0,-0.012789993308686914,-0.05669761975818548,-0.24760573706302408,-8.5,188400,nan,nan,18840,1.0,0.6775,0.0,-0.0053732492595762625,-0.06161968339091214,-0.248467181158182,-12.9,753600
471,0.44414163,0.02755679,-1.1922009,-1.1922009,4720,1.0,0.77,0.0,-0.009357719511059381,-0.05454253264219596,-0.2336254155870774,-9.2,188800,nan,nan,18880,1.0,0.683125,0.0,-0.0031722749111421844,-0.05839400234848415,-0.2416044740087308,-12.675,755200
472,0.44414178,0.02755748,-1.1207215,-1.1207215,4730,1.0,0.76,0.0,-0.0018954409659341863,-0.050508248250720075,-0.2641527057852635,-9.6,189200,nan,nan,18920,1.0,0.69625,0.0,-0.0040046230579684206,-0.06061504649293793,-0.25979367380244617,-12.15,756800
473,0.44414166,0.02755328,-1.0782315,-1.0782315,4740,1.0,0.7775,0.0,-0.01019455309443171,-0.050062794981476956,-0.2275822106643826,-8.9,189600,nan,nan,18960,1.0,0.7100000000000001,0.0,-0.005602705838424889,-0.057240975164168914,-0.2447376726902374,-11.6,758400
474,0.4441415,0.02755045,-1.2376909,-1.2376909,4750,1.0,0.76,0.0,-0.01025690493966521,-0.05236772632962355,-0.22089447202240955,-9.6,190000,nan,nan,19000,1.0,0.6956249999999999,0.0,-0.003957140638695501,-0.060818813712871025,-0.2484438030008354,-12.175,760000
475,0.44414106,0.02754757,-0.93197244,-0.93197244,4760,1.0,0.7975,0.0,-0.006766314571287435,-0.05320789404193836,-0.24688884726679183,-8.1,190400,nan,nan,19040,1.0,0.7193749999999999,0.0,-0.004004741346506533,-0.058626513995549766,-0.2538033814453264,-11.225,761600
476,0.44414207,0.027545251,-1.2035832,-1.2035832,4770,1.0,0.765,0.0,-0.022305022617975314,-0.05732205775804573,-0.25075554229559066,-9.4,190800,nan,nan,19080,1.0,0.67375,0.0,-0.005805353897815624,-0.0599996796635615,-0.2511823030620032,-13.05,763200
477,0.44414222,0.027541777,-0.8710008,-0.8710008,4780,1.0,0.815,0.0,-0.0195898610123423,-0.05390275096205256,-0.2567211529597974,-7.4,191200,nan,nan,19120,1.0,0.651875,0.0,-0.0031934776184031886,-0.059164183599293665,-0.24711858974206394,-13.925,764800
478,0.44414365,0.02753743,-1.2226559,-1.2226559,4790,1.0,0.7625,0.0,-0.012664793229895322,-0.059039765111890415,-0.263306893665877,-9.5,191600,nan,nan,19160,1.0,0.650625,0.0,-0.004146990894615319,-0.06031757590572723,-0.2496197853124867,-13.975,766400
479,0.44414428,0.027536944,-0.9306129,-0.9306129,4800,1.0,0.795,0.0,-0.010994217506675296,-0.052157914948013175,-0.2379614126181983,-8.2,192000,nan,nan,19200,1.0,0.671875,0.0,-0.003778601586299159,-0.060640602204301966,-0.2697065403892185,-13.125,768000
480,0.44414547,0.027533008,-1.1666937,-1.1666937,4810,1.0,0.7425,0.0,-0.0056027020866358385,-0.05529304583727226,-0.27593357370044,-10.3,192400,nan,nan,19240,1.0,0.6675,0.0,-0.004425065478764254,-0.06255309989455453,-0.25374489919577825,-13.3,769600
481,0.44414636,0.027530335,-1.1697273,-1.1697273,4820,1.0,0.7625,0.0,-0.0021631389424936896,-0.05207221075409686,-0.24037562137134486,-9.5,192800,nan,nan,19280,1.0,0.666875,0.0,-0.0029818207121832694,-0.05665056242986456,-0.24721341297701577,-13.325,771200
482,0.444146,0.027528597,-1.0588361,-1.0588361,4830,1.0,0.7875,0.0,-0.016640987322289164,-0.054498540532651685,-0.24506566299552845,-8.5,193200,nan,nan,19320,1.0,0.6824999999999999,0.0,-0.005245214723011238,-0.05724322596511579,-0.24528085274600783,-12.7,772800
483,0.44414613,0.02752333,-1.1534346,-1.1534346,4840,1.0,0.7825,0.0,-0.002494949133349689,-0.044556991851286615,-0.2411302877726165,-8.7,193600,nan,nan,19360,1.0,0.7012499999999999,0.0,-0.004325576908734608,-0.05702305962809375,-0.24411420874785952,-11.95,774400
484,0.44414508,0.027522802,-0.9395589,-0.9395589,4850,1.0,0.7925,0.0,-0.00956709369679551,-0.04809200272128962,-0.2351801243326515,-8.3,194000,nan,nan,19400,1.0,0.679375,0.0,-0.002969240652878619,-0.060766059333352974,-0.2559046893381343,-12.825,776000
485,0.44414595,0.027521374,-0.9106093,-0.9106093,4860,1.0,0.8075,0.0,-0.0019465710378426288,-0.05102625082547632,-0.24522808984961464,-7.7,194400,nan,nan,19440,1.0,0.6643749999999999,0.0,-0.0052082394048289975,-0.061615653415883244,-0.24872913087124843,-13.425,777600
486,0.44414628,0.027517902,-1.1286198,-1.1286198,4870,1.0,0.7625,0.0,-0.004426574134905948,-0.05199935018156051,-0.2653938054908749,-9.5,194800,nan,nan,19480,1.0,0.68125,0.0,-0.004274087142089281,-0.058372002285606864,-0.24545551713253239,-12.75,779200
487,0.44414762,0.027515551,-0.9257638,-0.9257638,4880,1.0,0.8,0.0,-0.007659024321743653,-0.050471770227572356,-0.27368748136810545,-8.0,195200,nan,nan,19520,1.0,0.6956249999999999,0.0,-0.004410866693557043,-0.05632028952048734,-0.24073371118076095,-12.175,780800
488,0.44414818,0.027515657,-1.2283003,-1.2283003,4890,1.0,0.75,0.0,-0.009263774136574959,-0.056229837438051884,-0.26884608023026696,-10.0,195600,nan,nan,19560,1.0,0.6425000000000001,0.0,-0.0043955628351026125,-0.06360881114502383,-0.2584796724518573,-14.3,782400
489,0.4441489,0.02751255,-0.97238207,-0.97238207,4900,1.0,0.7875,0.0,-0.0072007428263381095,-0.050486157937996864,-0.2451071943176536,-8.5,196000,nan,nan,19600,1.0,0.649375,0.0,-0.004610488482787682,-0.06163872337571252,-0.24539292915309105,-14.025,784000
490,0.44414923,0.027511664,-1.1354645,-1.1354645,4910,1.0,0.76,0.0,-0.009479364332779312,-0.06121977899539206,-0.2575726109142457,-9.6,196400,nan,nan,19640,1.0,0.673125,0.0,-0.003988188787270143,-0.06098657321164517,-0.24390187263210183,-13.075,785600
491,0.44415143,0.027507072,-1.2624524,-1.2624524,4920,1.0,0.74,0.0,-0.011844668130191577,-0.05430863492412069,-0.2612903927132278,-10.4,196800,nan,nan,19680,1.0,0.6475000000000001,0.0,-0.004492540548104967,-0.06021266113291636,-0.2519569080770251,-14.1,787200
492,0.44415212,0.027505117,-0.98968714,-0.98968714,4930,1.0,0.7975,0.0,-0.0072822770849251305,-0.05044993189374229,-0.2197290681337175,-8.1,197200,nan,nan,19720,1.0,0.6593749999999998,0.0,-0.0056187702543231246,-0.06171114975233817,-0.2571674466065029,-13.625,788800
493,0.44415355,0.02750506,-1.2556895,-1.2556895,4940,1.0,0.7525,0.0,-0.006125170854109979,-0.05548676145750653,-0.2695368649466016,-9.9,197600,nan,nan,19760,1.0,0.62875,0.0,-0.003864082110405531,-0.06482307418942003,-0.25098794645578587,-14.85,790400
494,0.44415554,0.027501097,-1.0991275,-1.0991275,4950,1.0,0.7675,0.0,-0.015316405097731581,-0.05363303272799227,-0.25044020372497133,-9.3,198000,nan,nan,19800,1.0,0.666875,0.0,-0.003998687336082085,-0.058021854478491994,-0.24289637382824064,-13.325,792000
495,0.4441569,0.027499206,-1.0323651,-1.0323651,4960,1.0,0.7875,0.0,-0.010322906699517952,-0.056786441853928046,-0.2511205163954717,-8.5,198400,nan,nan,19840,1.0,0.6825,0.0,-0.0038191415442965894,-0.058068027291099035,-0.25090719422886626,-12.7,793600
496,0.44415843,0.027497277,-1.0877825,-1.0877825,4970,1.0,0.7775,0.0,-0.00813946178021914,-0.0569706016353642,-0.23225438125765577,-8.9,198800,nan,nan,19880,1.0,0.673125,0.0,-0.008369333233397763,-0.06256415294433633,-0.24236645812366672,-13.075,795200
497,0.44415793,0.027495809,-1.2635666,-1.2635666,4980,1.0,0.7275,0.0,-0.017148111011960326,-0.06039044541476231,-0.2596848440898465,-10.9,199200,nan,nan,19920,1.0,0.6725000000000001,0.0,-0.004311043237129023,-0.059483770274866676,-0.2511092533997849,-13.1,796800
498,0.44415784,0.02749467,-1.2006768,-1.2006768,4990,1.0,0.75,0.0,-0.018043373841452746,-0.05625079117735205,-0.2278049008298685,-10.0,199600,nan,nan,19960,1.0,0.68375,0.0,-0.005667549424665912,-0.061885562462078436,-0.2551054586974269,-12.65,798400
499,0.44415876,0.027492711,-0.9162793,-0.9162793,5000,1.0,0.8025,0.0,-0.013253828272574347,-0.05568858642051621,-0.2650947733676453,-7.9,200000,nan,nan,20000,1.0,0.6862499999999999,0.0,-0.004978280027839512,-0.06127221659978831,-0.24629008098300642,-12.55,800000
500,0.44415984,0.02748788,-1.1801558,-1.1801558,5010,1.0,0.7375,0.0,-0.007237202453687414,-0.05768994355413087,-0.24604888884488574,-10.5,200400,nan,nan,20040,1.0,0.675,0.0,-0.00751762280165226,-0.06123743892303794,-0.23519675461073505,-13.0,801600
501,0.44416043,0.027486391,-1.4748676,-1.4748676,5020,1.0,0.6875,0.0,-0.0044265332513660285,-0.050348506040637765,-0.22475904602700014,-12.5,200800,nan,nan,20080,1.0,0.663125,0.0,-0.004283783268537654,-0.061733866729471655,-0.24350525410021645,-13.475,803200
502,0.44416013,0.027484635,-1.245972,-1.245972,5030,1.0,0.755,0.0,-0.0029688020690367928,-0.048011232423548295,-0.2496786084486273,-9.8,201200,nan,nan,20120,1.0,0.6749999999999999,0.0,-0.0038216469445601863,-0.05712920920989771,-0.2569558509981233,-13.0,804800
503,0.44415966,0.027481144,-0.9849076,-0.9849076,5040,1.0,0.7825,0.0,-0.005478702483632271,-0.04868375933602748,-0.24474181813113116,-8.7,201600,nan,nan,20160,1.0,0.684375,0.0,-0.004225934848354428,-0.05826988322798436,-0.24178589472976855,-12.625,806400
504,0.4441594,0.02748151,-1.3819209,-1.3819209,5050,1.0,0.7275,0.0,-0.014462717011903945,-0.05581181493703905,-0.22443083491283095,-10.9,202000,nan,nan,20200,1.0,0.67875,0.0,-0.005135219055152361,-0.061169187824778905,-0.25675153881299523,-12.85,808000
505,0.44416043,0.02747825,-1.334675,-1.334675,5060,1.0,0.7475,0.0,-0.00514584461658289,-0.05541124425770651,-0.24310590313511388,-10.1,202400,nan,nan,20240,1.0,0.681875,0.0,-0.004957370272722575,-0.058285648897087795,-0.24604571823538873,-12.725,809600
506,0.44415948,0.027477639,-1.0473577,-1.0473577,5070,1.0,0.7875,0.0,-0.014514306266271608,-0.05425947536069841,-0.25166900620989185,-8.5,202800,nan,nan,20280,1.0,0.675,0.0,-0.005183525642972285,-0.06228053772489278,-0.2556496754362197,-13.0,811200
507,0.44415972,0.027479952,-1.0393043,-1.0393043,5080,1.0,0.785,0.0,-0.006163782921701763,-0.05056561825847949,-0.24981136389888367,-8.6,203200,nan,nan,20320,1.0,0.6437499999999999,0.0,-0.005323229527846851,-0.06591330405340537,-0.26283333071500314,-14.25,812800
508,0.44415927,0.027476905,-1.2340506,-1.2340506,5090,1.0,0.7625,0.0,-0.0038371279317501966,-0.050766946175837206,-0.26727995479713074,-9.5,203600,nan,nan,20360,1.0,0.685,0.0,-0.003275863786721589,-0.058746786948622697,-0.2470580744183238,-12.6,814400
509,0.44415942,0.02747742,-1.1536822,-1.1536822,5100,1.0,0.76,0.0,-0.00963068056969305,-0.051944860013819996,-0.21960428218061642,-9.6,204000,nan,nan,20400,1.0,0.691875,0.0,-0.004577247383692332,-0.05914393066426195,-0.26028391798552164,-12.325,816000
510,0.44415867,0.027476048,-0.88229483,-0.88229483,5110,1.0,0.805,0.0,-0.011915521829790504,-0.05318336846260836,-0.24561304577207374,-7.8,204400,nan,nan,20440,1.0,0.6925000000000001,0.0,-0.004626326928958011,-0.06129225846650327,-0.24883629752824157,-12.3,817600
511,0.44415942,0.027474098,-1.1558869,-1.1558869,5120,1.0,0.7675,0.0,-0.00814767671079848,-0.056250621732452925,-0.24170131797560296,-9.3,204800,nan,nan,20480,1.0,0.64625,0.0,-0.003314400379122096,-0.06156147908806351,-0.23353861697251718,-14.15,819200
512,0.4441605,0.027471805,-1.079762,-1.079762,5130,1.0,0.7725,0.0,-0.007496710274487581,-0.050230413589589754,-0.23439160215971466,-9.1,205200,nan,nan,20520,1.0,0.678125,0.0,-0.004591596908193982,-0.0609014640403023,-0.2513198248020554,-12.875,820800
513,0.4441602,0.027470859,-1.090232,-1.090232,5140,1.0,0.7775,0.0,-0.015528459046806376,-0.05385872155789047,-0.2459949296036844,-8.9,205600,nan,nan,20560,1.0,0.65,0.0,-0.004512365253083758,-0.059912568573206135,-0.2551651363068145,-14.0,822400
514,0.44416058,0.027469419,-1.0225222,-1.0225222,5150,1.0,0.765,0.0,-0.0018963148960336397,-0.0446331812171159,-0.2263766423972847,-9.4,206000,nan,nan,20600,1.0,0.670625,0.0,-0.003659711321739023,-0.06035869486890204,-0.2388595853676375,-13.175,824000
515,0.44416094,0.027465282,-1.2971555,-1.2971555,5160,1.0,0.72,0.0,-0.006742097665491933,-0.05529482802754597,-0.2258316380067399,-11.2,206400,nan,nan,20640,1.0,0.6275000000000001,0.0,-0.004006468146719737,-0.060108213925207765,-0.24087751735315316,-14.9,825600
516,0.44416192,0.027460292,-0.9865347,-0.9865347,5170,1.0,0.7875,0.0,-0.00630178007499382,-0.04861769626939774,-0.2442759016817779,-8.5,206800,nan,nan,20680,1.0,0.6599999999999999,0.0,-0.0039240387499735125,-0.05973683734053091,-0.2427217884587205,-13.6,827200
517,0.44416365,0.027456941,-1.2302588,-1.2302588,5180,1.0,0.755,0.0,-0.007278040015343722,-0.05738805010013583,-0.22707541818071464,-9.8,207200,nan,nan,20720,1.0,0.6675000000000001,0.0,-0.005764813303946957,-0.06042407501550408,-0.2559074704926603,-13.3,828800
518,0.44416654,0.027454505,-1.179916,-1.179916,5190,1.0,0.755,0.0,-0.0018482396779931514,-0.046159209725975384,-0.2564026592785451,-9.8,207600,nan,nan,20760,1.0,0.645,0.0,-0.005580638270845027,-0.06074477903086989,-0.24131249026292112,-14.2,830400
519,0.4441668,0.027452191,-1.0341474,-1.0341474,5200,1.0,0.795,0.0,-0.005289935810316372,-0.046959276236203745,-0.23634430869177492,-8.2,208000,nan,nan,20800,1.0,0.6756249999999999,0.0,-0.003926995362730905,-0.05926593361192016,-0.24805887378412567,-12.975,832000
520,0.44416884,0.027448421,-0.9036426,-0.9036426,5210,1.0,0.805,0.0,-0.004890509926542116,-0.04870894589454962,-0.24175230960040686,-7.8,208400,nan,nan,20840,1.0,0.70625,0.0,-0.00481081490120369,-0.055894157207299865,-0.23910199057281006,-11.75,833600
521,0.44417015,0.027444564,-1.0480126,-1.0480126,5220,1.0,0.7875,0.0,-0.012918579866443743,-0.04851535198933634,-0.23538742738015084,-8.5,208800,nan,nan,20880,1.0,0.6968749999999999,0.0,-0.004080696660422027,-0.05719872084114409,-0.24101626467045625,-12.125,835200
522,0.4441717,0.027442662,-0.8971441,-0.8971441,5230,1.0,0.8025,0.0,-0.008005395849898714,-0.049091382918724655,-0.22618099771701514,-7.9,209200,nan,nan,20920,1.0,0.6743750000000001,0.0,-0.006628218543667913,-0.06242107283465104,-0.24380203335289705,-13.025,836800
523,0.44417217,0.027437167,-1.0245714,-1.0245714,5240,1.0,0.795,0.0,-0.0034995872020908985,-0.04576764222411307,-0.23801697507625313,-8.2,209600,nan,nan,20960,1.0,0.7006249999999999,0.0,-0.004904211703639592,-0.05637201106673153,-0.239529869373074,-11.975,838400
524,0.444172,0.027434943,-1.0218525,-1.0218525,5250,1.0,0.79,0.0,-0.003454964949601115,-0.04503885377626433,-0.22950776047973936,-8.4,210000,nan,nan,21000,1.0,0.6900000000000001,0.0,-0.0038690041429385045,-0.05982286880583528,-0.24662521506092488,-12.4,840000
525,0.44417322,0.027429258,-1.2188965,-1.2188965,5260,1.0,0.735,0.0,-0.0010455988224906787,-0.053110071808568485,-0.261164929651591,-10.6,210400,nan,nan,21040,1.0,0.665,0.0,-0.005258494931419786,-0.060000663557483146,-0.24334850916866885,-13.4,841600
526,0.44417366,0.02742627,-0.8226412,-0.8226412,5270,1.0,0.8125,0.0,-0.0009981464446375322,-0.04608772893594132,-0.26133423839636755,-7.5,210800,nan,nan,21080,1.0,0.64625,0.0,-0.004329545185633485,-0.05748477875015686,-0.2398311061514465,-14.15,843200
527,0.44417366,0.027423687,-1.020707,-1.020707,5280,1.0,0.785,0.0,-0.0026805961743934788,-0.049008625475758766,-0.25643366158130987,-8.6,211200,nan,nan,21120,1.0,0.690625,0.0,-0.00327625423786061,-0.055445692411588296,-0.23920051445358959,-12.375,844800
528,0.44417405,0.027420953,-1.0493106,-1.0493106,5290,1.0,0.775,0.0,-0.007322155236199042,-0.046970276016032375,-0.25308461982515207,-9.0,211600,nan,nan,21160,1.0,0.6824999999999999,0.0,-0.004213653171162111,-0.0602343747154072,-0.24103847797157477,-12.7,846400
529,0.44417515,0.027418965,-1.0231742,-1.0231742,5300,1.0,0.785,0.0,-0.006066635722093454,-0.050449365426881575,-0.23963689306688543,-8.6,212000,nan,nan,21200,1.0,0.7062499999999999,0.0,-0.005082714169414188,-0.05726664100816249,-0.24771897676444424,-11.75,848000
530,0.44417462,0.027419632,-1.0673571,-1.0673571,5310,1.0,0.7775,0.0,-0.008115801913560339,-0.05430524227085518,-0.23878000541328415,-8.9,212400,nan,nan,21240,1.0,0.6793750000000001,0.0,-0.006300521249290777,-0.05971443043861937,-0.2624281891748078,-12.825,849600
531,0.44417408,0.027418582,-1.0495185,-1.0495185,5320,1.0,0.7775,0.0,-0.003940775039854159,-0.051614501294840076,-0.2413956850834177,-8.9,212800,nan,nan,21280,1.0,0.6525000000000001,0.0,-0.004062437764391631,-0.06277695291422586,-0.2538876382401026,-13.9,851200
532,0.44417593,0.027416194,-1.112835,-1.112835,5330,1.0,0.765,0.0,-0.011187759343531268,-0.054605626781176204,-0.23542707350450662,-9.4,213200,nan,nan,21320,1.0,0.684375,0.0,-0.005232534900439203,-0.06129636896389904,-0.26876555397488344,-12.625,852800
533,0.44417575,0.02741167,-1.0397079,-1.0397079,5340,1.0,0.78,0.0,-0.011638660226514342,-0.053910691477935486,-0.25888136170315984,-8.8,213600,nan,nan,21360,1.0,0.683125,0.0,-0.0040781092808658045,-0.05894487544045599,-0.23931450315616942,-12.675,854400
534,0.4441739,0.027411483,-0.8225746,-0.8225746,5350,1.0,0.8125,0.0,-0.013230763012104364,-0.05141701410954343,-0.23630691350466596,-7.5,214000,nan,nan,21400,1.0,0.674375,0.0,-0.00598907284628482,-0.06240254696044719,-0.24989714366354326,-13.025,856000
535,0.4441756,0.027411455,-1.2247328,-1.2247328,5360,1.0,0.74,0.0,-0.003984064116279143,-0.056158046485224024,-0.2502335828620841,-10.4,214400,nan,nan,21440,1.0,0.675,0.0,-0.004187589381039997,-0.060481047399868385,-0.2550538523194569,-13.0,857600
536,0.44417593,0.027408041,-1.058403,-1.058403,5370,1.0,0.78,0.0,-0.004992344282862894,-0.05547626651880357,-0.24222746485177452,-8.8,214800,nan,nan,21480,1.0,0.675,0.0,-0.004016793937157264,-0.060215909845415784,-0.24597544863650045,-13.0,859200
537,0.4441749,0.027407788,-1.2172886,-1.2172886,5380,1.0,0.7525,0.0,-0.003704704842050614,-0.057037990969262896,-0.23495058633944713,-9.9,215200,nan,nan,21520,1.0,0.6756249999999999,0.0,-0.004648084308309519,-0.058992052250809945,-0.24395192763397738,-12.975,860800
538,0.44417417,0.027408011,-1.41714,-1.41714,5390,1.0,0.7125,0.0,-0.006246374311851266,-0.05656571374652094,-0.2551109976453077,-11.5,215600,nan,nan,21560,1.0,0.6868749999999999,0.0,-0.004488588191345885,-0.06218429154210257,-0.255257509176989,-12.525,862400
539,0.44417557,0.027408587,-1.0793353,-1.0793353,5400,1.0,0.775,0.0,-0.020723018281112136,-0.05789528112213418,-0.2620330827914821,-9.0,216000,nan,nan,21600,1.0,0.65625,0.0,-0.005067799619469991,-0.06413335941382223,-0.2606001009672312,-13.75,864000
540,0.44417545,0.027405215,-1.01972,-1.01972,5410,1.0,0.785,0.0,-0.002502109418245941,-0.04729369009791212,-0.24482350790424487,-8.6,216400,nan,nan,21640,1.0,0.6849999999999999,0.0,-0.003967126655473391,-0.057781457913007726,-0.25487896953872163,-12.6,865600
541,0.4441756,0.027402477,-1.1555883,-1.1555883,5420,1.0,0.7625,0.0,-0.004237194222177654,-0.05636372278156945,-0.26886054949617705,-9.5,216800,nan,nan,21680,1.0,0.6737500000000001,0.0,-0.0029628070054679777,-0.05827686565449094,-0.23204356415703303,-13.05,867200
542,0.44417575,0.02740007,-1.2488971,-1.2488971,5430,1.0,0.7575,0.0,-0.001081410554281283,-0.05349698959994729,-0.2667123811728087,-9.7,217200,nan,nan,21720,1.0,0.6756249999999999,0.0,-0.00463768232165422,-0.06017163397277493,-0.24279564321862504,-12.975,868800
543,0.44417715,0.02739761,-0.9779094,-0.9779094,5440,1.0,0.7875,0.0,-0.013494308563916677,-0.04953052054922516,-0.2210025043031834,-8.5,217600,nan,nan,21760,1.0,0.653125,0.0,-0.0038352856177569657,-0.0623994069172701,-0.24252229505809747,-13.875,870400
544,0.44417772,0.027394189,-1.5026914,-1.5026914,5450,1.0,0.7,0.0,-0.005603942604153664,-0.05932046618276551,-0.24681983058710166,-12.0,218000,nan,nan,21800,1.0,0.650625,0.0,-0.004052242650331147,-0.0611219974626432,-0.24166543539563795,-13.975,872000
545,0.44417778,0.027392715,-1.1745639,-1.1745639,5460,1.0,0.7475,0.0,-0.008291083404229955,-0.04846182425818884,-0.258335902045831,-10.1,218400,nan,nan,21840,1.0,0.6737500000000001,0.0,-0.0038103736114515384,-0.059679027056612134,-0.26558614107539635,-13.05,873600
546,0.44417885,0.027390406,-1.2224569,-1.2224569,5470,1.0,0.76,0.0,-0.004233376135261729,-0.05344997573562409,-0.23657599459309997,-9.6,218800,nan,nan,21880,1.0,0.6881250000000001,0.0,-0.004855810364496627,-0.058955347875380114,-0.24471664349150127,-12.475,875200
547,0.4441775,0.027390933,-1.0773573,-1.0773573,5480,1.0,0.7725,0.0,-0.0013397509510915178,-0.03951973531639631,-0.24575602374254507,-9.1,219200,nan,nan,21920,1.0,0.7056250000000001,0.0,-0.003894875666983616,-0.05867235649843907,-0.2623311121675909,-11.775,876800
548,0.44417706,0.027387949,-0.90024835,-0.90024835,5490,1.0,0.8,0.0,-0.0018249005827478348,-0.042774760274473474,-0.2485548430706656,-8.0,219600,nan,nan,21960,1.0,0.70375,0.0,-0.003739485096013407,-0.05717351944200645,-0.24736424697057532,-11.85,878400
549,0.44417763,0.02738346,-0.93966764,-0.93966764,5500,1.0,0.7975,0.0,-0.0025449509266378297,-0.047563995844986204,-0.24259418312854739,-8.1,220000,nan,nan,22000,1.0,0.70125,0.0,-0.003726910351907782,-0.05518656244525103,-0.23976159786168139,-11.95,880000
550,0.4441781,0.027384171,-1.4025995,-1.4025995,5510,1.0,0.7425,0.0,-0.005332364968800481,-0.05148886821457186,-0.2503069990181323,-10.3,220400,nan,nan,22040,1.0,0.6631250000000001,0.0,-0.003927616587037513,-0.06252142134163693,-0.26777712063281645,-13.475,881600
551,0.44417813,0.02738572,-1.0793011,-1.0793011,5520,1.0,0.7775,0.0,-0.004518175425677835,-0.04945671224072927,-0.2688358510693438,-8.9,220800,nan,nan,22080,1.0,0.68625,0.0,-0.00381595545989022,-0.06177557617511468,-0.27477615067816485,-12.55,883200
552,0.4441775,0.027383594,-1.3314759,-1.3314759,5530,1.0,0.74,0.0,-0.0052323596202442785,-0.05236598655988657,-0.2528860367304105,-10.4,221200,nan,nan,22120,1.0,0.666875,0.0,-0.004271608696209716,-0.05983164613742993,-0.24003142768931318,-13.325,884800
553,0.44417766,0.027379772,-1.3911943,-1.3911943,5540,1.0,0.7325,0.0,-0.007227056797132992,-0.05805881609570331,-0.26035736369459456,-10.7,221600,nan,nan,22160,1.0,0.6775,0.0,-0.004175108535039279,-0.05850191264963748,-0.23936961706990295,-12.9,886400
554,0.44417796,0.027378246,-1.2308735,-1.2308735,5550,1.0,0.755,0.0,-0.002631720265884225,-0.04935771847262219,-0.2575484724635249,-9.8,222000,nan,nan,22200,1.0,0.6756249999999999,0.0,-0.0041730130112219415,-0.06064561870180833,-0.2452909971531831,-12.975,888000
555,0.4441795,0.027376294,-0.9085699,-0.9085699,5560,1.0,0.82,0.0,-0.005798803639531383,-0.042360848989428115,-0.2292944690080049,-7.2,222400,nan,nan,22240,1.0,0.6487499999999999,0.0,-0.005231099530639742,-0.06135050201932483,-0.2502258892259274,-14.05,889600
556,0.44418144,0.027377805,-1.13887,-1.13887,5570,1.0,0.755,0.0,-0.0027173436696265353,-0.052325068162541545,-0.23875137554217762,-9.8,222800,nan,nan,22280,1.0,0.6231249999999999,0.0,-0.0061980239100906925,-0.06885697052605501,-0.25987998865032336,-15.075,891200
557,0.44418278,0.027375452,-1.1331695,-1.1331695,5580,1.0,0.765,0.0,-0.0075484589403458065,-0.05155047492410834,-0.26473148314523665,-9.4,223200,nan,nan,22320,1.0,0.6875,0.0,-0.003063497025175312,-0.05865195690050986,-0.2535030389982904,-12.5,892800
558,0.44418374,0.027375212,-0.87765986,-0.87765986,5590,1.0,0.8125,0.0,-0.004169165872850666,-0.045445041440341116,-0.2627100059824773,-7.5,223600,nan,nan,22360,1.0,0.6693749999999999,0.0,-0.0045625648424707935,-0.058645771626184395,-0.2542099289935663,-13.225,894400
559,0.4441855,0.027373863,-0.9932244,-0.9932244,5600,1.0,0.785,0.0,-0.002995561721318112,-0.046012241242883306,-0.24090471563314983,-8.6,224000,nan,nan,22400,1.0,0.6625000000000001,0.0,-0.004733970097829856,-0.061900406450509246,-0.24802507193522275,-13.5,896000
560,0.44418487,0.027372679,-1.0775863,-1.0775863,5610,1.0,0.7875,0.0,-0.005762004576764837,-0.05169683915047659,-0.2770088479813361,-8.5,224400,nan,nan,22440,1.0,0.6487499999999999,0.0,-0.004501240536783763,-0.061308874638772645,-0.2506247737474271,-14.05,897600
561,0.44418612,0.027369203,-1.0519559,-1.0519559,5620,1.0,0.7875,0.0,-0.014090032074155955,-0.053174597301622537,-0.26521451145878067,-8.5,224800,nan,nan,22480,1.0,0.6825,0.0,-0.0036494202701934804,-0.05650654895855722,-0.24918086905170284,-12.7,899200
562,0.44418713,0.027365586,-1.0193876,-1.0193876,5630,1.0,0.7825,0.0,-0.005231737665826877,-0.0473725559599656,-0.26716399968941845,-8.7,225200,nan,nan,22520,1.0,0.650625,0.0,-0.0043515314692739206,-0.05881093531574436,-0.24582085433704054,-13.975,900800
563,0.44418645,0.027365422,-0.98978007,-0.98978007,5640,1.0,0.7875,0.0,-0.0036494053985129562,-0.048525789140695726,-0.22759032663741036,-8.5,225600,nan,nan,22560,1.0,0.7075,0.0,-0.0038196831517561826,-0.0557847948371162,-0.24779740876001138,-11.7,902400
564,0.44418594,0.027364371,-1.238164,-1.238164,5650,1.0,0.7525,0.0,-0.006373456592622777,-0.05489869099981327,-0.22981945581898866,-9.9,226000,nan,nan,22600,1.0,0.6906249999999999,0.0,-0.004482750800199209,-0.059605315687944485,-0.24948429066909528,-12.375,904000
565,0.44418645,0.027361646,-1.3965373,-1.3965373,5660,1.0,0.7075,0.0,-0.013633182949819897,-0.05896639880033579,-0.2472014763393726,-11.7,226400,nan,nan,22640,1.0,0.6793750000000001,0.0,-0.004449121878654915,-0.05789373198421639,-0.23691980932120002,-12.825,905600
566,0.44418824,0.027356036,-1.0331507,-1.0331507,5670,1.0,0.785,0.0,-0.012589706795765305,-0.049868324431224485,-0.2245181711975622,-8.6,226800,nan,nan,22680,1.0,0.6893750000000001,0.0,-0.00456787477571813,-0.05999171468790289,-0.2302241247565054,-12.425,907200
567,0.44418958,0.027352935,-1.0194046,-1.0194046,5680,1.0,0.7875,0.0,-0.0014879958908158683,-0.04782144309512141,-0.24615544490230876,-8.5,227200,nan,nan,22720,1.0,0.666875,0.0,-0.005217568862970722,-0.05958579107839881,-0.233717635849731,-13.325,908800
568,0.44418955,0.02735032,-0.9701119,-0.9701119,5690,1.0,0.79,0.0,-0.0034585554696928305,-0.04837427273584455,-0.2183193573764033,-8.4,227600,nan,nan,22760,1.0,0.703125,0.0,-0.004905722430331954,-0.05741746418518408,-0.2417937817805293,-11.875,910400
569,0.44418934,0.027346775,-1.3641309,-1.3641309,5700,1.0,0.7225,0.0,-0.0008263731718563021,-0.046679825227084824,-0.2644477328632103,-11.1,228000,nan,nan,22800,1.0,0.653125,0.0,-0.0032474098464522426,-0.057237324848684726,-0.25022878260303005,-13.875,912000
570,0.444188,0.027344162,-0.9510428,-0.9510428,5710,1.0,0.7925,0.0,-0.005350962902045918,-0.048238794925816106,-0.27192524422190006,-8.3,228400,nan,nan,22840,1.0,0.6793750000000001,0.0,-0.004198138933305597,-0.05767707489268048,-0.23620342911847417,-12.825,913600
571,0.44418755,0.027341036,-1.0984825,-1.0984825,5720,1.0,0.755,0.0,-0.009453655706367636,-0.0543457386252649,-0.2530090107278767,-9.8,228800,nan,nan,22880,1.0,0.655,0.0,-0.005269501072389602,-0.06046712643856741,-0.2459760660971518,-13.8,915200
572,0.44418916,0.027336782,-1.2629881,-1.2629881,5730,1.0,0.7325,0.0,-0.00719159987225813,-0.05855470338357021,-0.2428866624928861,-10.7,229200,nan,nan,22920,1.0,0.655,0.0,-0.0038970104467108656,-0.060124487691406214,-0.24357066287179832,-13.8,916800
573,0.4441917,0.027336238,-0.9182072,-0.9182072,5740,1.0,0.8075,0.0,-0.018509584636605597,-0.05428180785051683,-0.27482747260052215,-7.7,229600,nan,nan,22960,1.0,0.5974999999999999,0.0,-0.004964016679397792,-0.06510999972461932,-0.2545629104365705,-16.1,918400
574,0.4441919,0.027333817,-1.0694312,-1.0694312,5750,1.0,0.7825,0.0,-0.010159713825378006,-0.05503200726542448,-0.2523910905726405,-8.7,230000,nan,nan,23000,1.0,0.6500000000000001,0.0,-0.0059937040135346386,-0.0608852074942295,-0.24017000838646693,-14.0,920000
575,0.4441923,0.027330935,-1.0903327,-1.0903327,5760,1.0,0.77,0.0,-0.008000171042528717,-0.050715783660006404,-0.25200241171845394,-9.2,230400,nan,nan,23040,1.0,0.701875,0.0,-0.003582557889440305,-0.05531709626277548,-0.24790919793824218,-11.925,921600
576,0.44419345,0.02733165,-1.0973369,-1.0973369,5770,1.0,0.7825,0.0,-0.00314168192257391,-0.05050339361792545,-0.23127724803949642,-8.7,230800,nan,nan,23080,1.0,0.6643749999999999,0.0,-0.0038480424507363457,-0.06130300745370674,-0.25751142095706825,-13.425,923200
577,0.444194,0.02732677,-0.7723582,-0.7723582,5780,1.0,0.8175,0.0,-0.00408091157015174,-0.04783962129256313,-0.2341192457680147,-7.3,231200,nan,nan,23120,1.0,0.6799999999999999,0.0,-0.004146407097367578,-0.05929272610055384,-0.2347973165760243,-12.8,924800
578,0.44419298,0.027327215,-0.94981885,-0.94981885,5790,1.0,0.8025,0.0,-0.003633369129037113,-0.049489273627372814,-0.2269744907453928,-7.9,231600,nan,nan,23160,1.0,0.673125,0.0,-0.006040260667665721,-0.0620857878255323,-0.2589791399688127,-13.075,926400
579,0.44419324,0.027322508,-1.1202704,-1.1202704,5800,1.0,0.7625,0.0,-0.0016407864094037236,-0.056975620787393294,-0.23232390455074403,-9.5,232000,nan,nan,23200,1.0,0.6712499999999999,0.0,-0.0048702782423856806,-0.060123009513858475,-0.2466026305255835,-13.15,928000
580,0.4441949,0.027319299,-1.2430781,-1.2430781,5810,1.0,0.735,0.0,-0.009146526202249159,-0.05378124725412601,-0.2462610613330319,-10.6,232400,nan,nan,23240,1.0,0.685,0.0,-0.005922190342397577,-0.059622918909722364,-0.24905472707192017,-12.6,929600
581,0.44419315,0.02732011,-1.1097953,-1.1097953,5820,1.0,0.77,0.0,-0.004348400393037294,-0.0585106172296002,-0.25070182305337285,-9.2,232800,nan,nan,23280,1.0,0.648125,0.0,-0.004247290771454805,-0.062159469515603846,-0.24632157453447584,-14.075,931200
582,0.44419456,0.027321173,-0.824685,-0.824685,5830,1.0,0.815,0.0,-0.006644149218702004,-0.05331289865438928,-0.25494707818864537,-7.4,233200,nan,nan,23320,1.0,0.62375,0.0,-0.005263071731808655,-0.06500970905195888,-0.2662286891196467,-15.05,932800
583,0.44419563,0.027316974,-1.2681413,-1.2681413,5840,1.0,0.75,0.0,-0.016480693393015486,-0.05909294826056197,-0.26308610729895554,-10.0,233600,nan,nan,23360,1.0,0.698125,0.0,-0.004396466432699985,-0.058205046934299266,-0.2544534028965019,-12.075,934400
584,0.44419524,0.027314944,-1.0172905,-1.0172905,5850,1.0,0.7725,0.0,-0.012669444587082265,-0.057925653366522986,-0.2378390650044773,-9.1,234000,nan,nan,23400,1.0,0.675,0.0,-0.005654171330781642,-0.05868187091854726,-0.24580180213555222,-13.0,936000
585,0.44419637,0.027312564,-0.84652627,-0.84652627,5860,1.0,0.8075,0.0,-0.025571939787595265,-0.05278264903695439,-0.23751900631473055,-7.7,234400,nan,nan,23440,1.0,0.698125,0.0,-0.0059589383188509756,-0.05739332093308538,-0.26329592461409324,-12.075,937600
586,0.44419622,0.027309628,-1.0272286,-1.0272286,5870,1.0,0.78,0.0,-0.011754402542568758,-0.05514543968234308,-0.223581572840886,-8.8,234800,nan,nan,23480,1.0,0.716875,0.0,-0.003009867568505953,-0.055128473449037485,-0.23934389373837073,-11.325,939200
587,0.4441973,0.027309565,-0.98200554,-0.98200554,5880,1.0,0.79,0.0,-0.009453331683073855,-0.051863494900712646,-0.24481095355538152,-8.4,235200,nan,nan,23520,1.0,0.6699999999999999,0.0,-0.004570026690214726,-0.06164403417241635,-0.26236076785274415,-13.2,940800
588,0.4441973,0.027305707,-1.0820714,-1.0820714,5890,1.0,0.765,0.0,-0.022229639534096186,-0.05775478163329657,-0.2692588226378674,-9.4,235600,nan,nan,23560,1.0,0.6975,0.0,-0.004869908517754954,-0.05773134206716607,-0.2527913803032375,-12.1,942400
589,0.44419765,0.027301794,-0.8586859,-0.8586859,5900,1.0,0.81,0.0,-0.01971197550497669,-0.05167538715333709,-0.25722941910572295,-7.6,236000,nan,nan,23600,1.0,0.665625,0.0,-0.005374073328699888,-0.06109495844877787,-0.243573789605478,-13.375,944000
590,0.44419837,0.02730073,-0.84487784,-0.84487784,5910,1.0,0.8125,0.0,-0.014465596612644916,-0.05290905153535173,-0.2639221694097666,-7.5,236400,nan,nan,23640,1.0,0.6275000000000001,0.0,-0.005339805002545524,-0.06283433425960534,-0.2545073759857799,-14.9,945600
591,0.4441981,0.027299589,-0.9275033,-0.9275033,5920,1.0,0.8025,0.0,-0.001904782300718045,-0.05239320907265593,-0.2646146769905718,-7.9,236800,nan,nan,23680,1.0,0.6643749999999999,0.0,-0.004438626964529667,-0.06049808063547102,-0.2573885687919998,-13.425,947200
592,0.44419822,0.02729549,-1.039786,-1.039786,5930,1.0,0.775,0.0,-0.00593911423444353,-0.050355709296543004,-0.26002649019319823,-9.0,237200,nan,nan,23720,1.0,0.67375,0.0,-0.0038393617512974126,-0.05655781495379055,-0.23514027573430596,-13.05,948800
593,0.4441986,0.027291425,-1.5352311,-1.5352311,5940,1.0,0.685,0.0,-0.0010662189776512504,-0.057689135269602294,-0.23798906935938693,-12.6,237600,nan,nan,23760,1.0,0.650625,0.0,-0.003743692987206948,-0.058766344119582335,-0.24399577469396747,-13.975,950400
594,0.44419873,0.02728876,-1.3873395,-1.3873395,5950,1.0,0.7175,0.0,-0.0024427526107773994,-0.05550790676879392,-0.2555172923891427,-11.3,238000,nan,nan,23800,1.0,0.6556249999999999,0.0,-0.0031428365865760867,-0.05854960921227007,-0.24473155519118137,-13.775,952000
595,0.44419837,0.02728691,-1.4317986,-1.4317986,5960,1.0,0.725,0.0,-0.01404793861491147,-0.05894810771255839,-0.25372004675594195,-11.0,238400,nan,nan,23840,1.0,0.683125,0.0,-0.0032984251572638255,-0.060310139780092954,-0.24110473994862894,-12.675,953600
596,0.44419834,0.027285852,-0.98548734,-0.98548734,5970,1.0,0.795,0.0,-0.00910756356117711,-0.05422873038937785,-0.2522151117309461,-8.2,238800,nan,nan,23880,1.0,0.7068749999999999,0.0,-0.004213912490627524,-0.05969195363768396,-0.24323349926447574,-11.725,955200
597,0.44419864,0.027282866,-1.0406393,-1.0406393,5980,1.0,0.7775,0.0,-0.007735206793327964,-0.04941883070556376,-0.25372366311501154,-8.9,239200,nan,nan,23920,1.0,0.6718749999999999,0.0,-0.004392984423662004,-0.05826994541398187,-0.23654518221882376,-13.125,956800
598,0.44419873,0.027279632,-1.2565373,-1.2565373,5990,1.0,0.755,0.0,-0.01267452692609744,-0.05717271023388003,-0.2710928537533979,-9.8,239600,nan,nan,23960,1.0,0.681875,0.0,-0.004270865197618989,-0.05923500621450299,-0.24207709348307765,-12.725,958400
599,0.4441987,0.02727951,-1.1177049,-1.1177049,6000,1.0,0.7625,0.0,-0.002870130082491489,-0.04934920446096391,-0.22826108204946796,-9.5,240000,nan,nan,24000,1.0,0.6381249999999999,0.0,-0.00474257388943892,-0.06399915586874556,-0.2497576761561163,-14.475,960000
